             * c:\users\lenovo\esim-workspace\and_gate\and_gate.cir
             Transient Analysis  Sat Mar 01 19:14:34  2025
--------------------------------------------------------------------------------
Index   time            v1#branch       v2#branch       v3#branch       
--------------------------------------------------------------------------------
0	0.000000e+00	0.000000e+00	0.000000e+00	-1.63155e-11	
1	5.000000e-11	-2.35533e-02	-4.75028e-02	4.247650e-02	
2	8.587560e-11	-2.58095e-02	-4.92936e-02	4.415173e-02	
3	1.576268e-10	-2.90271e-02	-5.15112e-02	4.570354e-02	
4	2.445634e-10	-3.23279e-02	-5.53504e-02	4.864042e-02	
5	3.238268e-10	-3.15307e-02	-5.78653e-02	4.751893e-02	
6	4.165624e-10	-2.93718e-02	-6.55850e-02	4.843583e-02	
7	5.303610e-10	-2.32517e-02	-7.42183e-02	4.606712e-02	
8	7.333373e-10	-1.64482e-02	-9.06880e-02	4.849853e-02	
9	1.139290e-09	-6.17220e-02	-1.53484e-01	1.691710e-01	
10	1.551686e-09	-4.27877e-02	-1.36620e-01	1.382423e-01	
11	2.063043e-09	-6.85845e-02	-1.61876e-01	1.927118e-01	
12	2.638897e-09	-4.42033e-02	-1.37748e-01	1.424830e-01	
13	3.335269e-09	-6.87289e-02	-1.61526e-01	1.924787e-01	
14	4.441786e-09	-5.18452e-02	-1.35122e-01	1.456564e-01	
15	5.000000e-09	-1.16460e-01	-1.44667e-01	2.117384e-01	
16	5.030484e-09	-6.02830e-02	-7.37249e-02	9.873450e-02	
17	5.091453e-09	-3.64706e-02	-3.89953e-02	4.956177e-02	
18	5.213390e-09	-3.52140e-02	-2.29800e-02	4.393582e-02	
19	5.374154e-09	-3.44558e-02	-1.35664e-02	4.226260e-02	
20	5.554999e-09	-2.96559e-02	-6.03783e-03	3.458002e-02	
21	5.844711e-09	-2.52884e-02	-3.62425e-03	3.014238e-02	
22	6.224149e-09	-1.78738e-02	-1.04485e-03	2.025091e-02	
23	6.915897e-09	-1.16607e-02	-2.21330e-03	1.404746e-02	
24	7.841121e-09	-5.35688e-03	-6.19950e-04	5.390688e-03	
25	8.899358e-09	-4.25707e-03	-1.77012e-03	4.961157e-03	
26	9.893791e-09	-2.03898e-03	-1.46622e-04	1.019663e-03	
27	1.106131e-08	-2.78998e-03	-1.39522e-03	2.828757e-03	
28	1.241911e-08	-1.26299e-03	1.779351e-04	-2.66908e-04	
29	1.405942e-08	-2.37154e-03	-1.11879e-03	2.015084e-03	
30	1.685062e-08	-9.87756e-04	4.109416e-04	-8.46956e-04	
31	2.243302e-08	-2.12781e-03	-9.14125e-04	1.547223e-03	
32	3.359781e-08	-7.54464e-04	5.699334e-04	-1.17401e-03	
33	4.495100e-08	-1.90521e-03	-8.20576e-04	1.380605e-03	
34	5.563077e-08	-1.20370e-03	1.185556e-03	-1.45831e-03	
35	6.673282e-08	-2.06303e-03	-7.59337e-04	1.587402e-03	
36	8.084700e-08	-1.15912e-03	8.585068e-04	-9.11222e-04	
37	1.022724e-07	-1.70381e-03	-9.38113e-04	1.695160e-03	
38	1.335110e-07	-4.18092e-04	7.024098e-04	-1.20384e-03	
39	1.840090e-07	-9.11576e-04	-1.12444e-03	1.431909e-03	
40	2.596171e-07	7.596343e-05	6.320695e-04	-1.29475e-03	
41	2.883946e-07	-3.59278e-04	-7.39337e-04	1.054537e-03	
42	3.154015e-07	1.981094e-04	6.773856e-04	-9.38640e-04	
43	3.158172e-07	-2.22662e-04	-3.55397e-05	-5.81813e-04	
44	3.159211e-07	-1.85611e-04	-1.72784e-05	-7.88855e-04	
45	3.161290e-07	-1.29938e-04	-1.11637e-05	-1.27826e-03	
46	3.161809e-07	-1.21296e-04	-1.40939e-05	-1.42018e-03	
47	3.162848e-07	-9.70613e-05	-5.09679e-06	-2.48674e-03	
48	3.163108e-07	-1.09741e-04	-1.84592e-05	-3.15416e-03	
49	3.163173e-07	-1.11492e-04	-1.97042e-05	-3.51950e-03	
50	3.163303e-07	-1.16473e-04	-2.27820e-05	-4.48535e-03	
51	3.163563e-07	-1.47720e-04	-3.75435e-05	-1.00265e-02	
52	3.163598e-07	-1.59461e-04	-4.24931e-05	-1.21319e-02	
53	3.163667e-07	-1.97395e-04	-5.80428e-05	-1.88652e-02	
54	3.163684e-07	-2.13011e-04	-6.43399e-05	-2.16109e-02	

Index   time            v1#branch       v2#branch       v3#branch       
--------------------------------------------------------------------------------
55	3.163719e-07	-2.57474e-04	-8.20587e-05	-2.96768e-02	
56	3.163789e-07	-5.51791e-04	-1.96776e-04	-8.30390e-02	
57	3.163806e-07	-8.10486e-04	-2.96380e-04	-1.32379e-01	
58	3.163841e-07	-1.22840e-02	-4.52804e-03	-2.43752e+00	
59	3.163875e-07	4.907472e-03	2.427440e-03	2.093604e+00	
60	3.163913e-07	-1.98962e-03	-1.59221e-03	-1.87555e+00	
61	3.163952e-07	2.670790e-04	6.436915e-04	1.737384e+00	
62	3.164023e-07	2.514748e-04	-4.93163e-04	-1.61889e+00	
63	3.164036e-07	-7.32169e-04	-4.51926e-04	-1.46615e-01	
64	3.164063e-07	1.608401e-04	1.092322e-04	1.485823e-01	
65	3.164115e-07	-1.74452e-04	-1.97813e-04	-1.21085e-01	
66	3.164221e-07	8.221594e-06	4.814556e-05	1.362113e-01	
67	3.164432e-07	-1.17800e-04	-1.24804e-04	-1.17811e-01	
68	3.164700e-07	-2.65042e-05	6.637743e-05	1.296458e-01	
69	3.165078e-07	-7.52295e-05	-7.50188e-05	-1.14598e-01	
70	3.165835e-07	-4.31068e-05	7.306528e-05	1.245491e-01	
71	3.166555e-07	8.020997e-03	7.319628e-03	6.893800e-02	
72	3.167108e-07	-7.57433e-03	-6.71581e-03	-7.51467e-02	
73	3.167631e-07	6.637362e-03	5.904419e-03	8.072048e-02	
74	3.168272e-07	-6.25811e-03	-5.45068e-03	-8.55845e-02	
75	3.169554e-07	5.721053e-03	5.004167e-03	8.746989e-02	
76	3.170936e-07	-5.67233e-03	-4.87539e-03	-8.97612e-02	
77	3.173350e-07	5.276863e-03	4.575638e-03	9.056006e-02	
78	3.176682e-07	-5.39659e-03	-4.60291e-03	-9.16621e-02	
79	3.181618e-07	5.091646e-03	4.396211e-03	9.186553e-02	
80	3.189480e-07	-5.27163e-03	-4.48133e-03	-9.25093e-02	
81	3.201427e-07	5.030794e-03	4.336342e-03	9.237594e-02	
82	3.221314e-07	-5.21629e-03	-4.42886e-03	-9.28435e-02	
83	3.258522e-07	5.015579e-03	4.334155e-03	8.935996e-02	
84	3.328302e-07	-5.08990e-03	-4.33257e-03	-8.73798e-02	
85	3.448034e-07	4.946941e-03	4.266672e-03	8.693970e-02	
86	3.473660e-07	-5.56742e-05	-1.93013e-05	-3.12891e-04	
87	3.480066e-07	-5.66724e-05	-1.99170e-05	-5.06428e-04	
88	3.492879e-07	-5.86642e-05	-2.08596e-05	-8.48987e-04	
89	3.495019e-07	-6.01935e-05	-2.14521e-05	-1.06316e-03	
90	3.495554e-07	-6.20065e-05	-2.21894e-05	-1.33256e-03	
91	3.496624e-07	-6.79352e-05	-2.46905e-05	-2.19909e-03	
92	3.496892e-07	-7.10130e-05	-2.59867e-05	-2.65181e-03	
93	3.496959e-07	-7.29087e-05	-2.67129e-05	-2.95290e-03	
94	3.497092e-07	-7.78942e-05	-2.86279e-05	-3.72783e-03	
95	3.497360e-07	-1.03753e-04	-3.86226e-05	-7.77269e-03	
96	3.497427e-07	-1.29661e-04	-4.82330e-05	-1.19748e-02	
97	3.497444e-07	-1.39917e-04	-5.19675e-05	-1.37386e-02	
98	3.497477e-07	-1.67740e-04	-6.19858e-05	-1.84073e-02	
99	3.497544e-07	-3.38554e-04	-1.22481e-04	-4.73911e-02	
100	3.497561e-07	-4.76438e-04	-1.70877e-04	-7.20570e-02	
101	3.497594e-07	-1.47244e-03	-5.17094e-04	-2.59014e-01	
102	3.497602e-07	-2.50059e-03	-8.74175e-04	-4.69782e-01	
103	3.497619e-07	-1.89534e-02	-6.36712e-03	-4.11493e+00	
104	3.497641e-07	3.711027e-03	3.348699e-03	3.409682e+00	
105	3.497666e-07	-6.52349e-04	-2.07535e-03	-3.18848e+00	
106	3.497699e-07	-4.46115e-04	7.328078e-04	3.062382e+00	
107	3.497764e-07	8.853261e-04	-7.17158e-04	-2.94879e+00	
108	3.497842e-07	-1.21265e-03	1.518802e-04	2.887939e+00	
109	3.497998e-07	1.495462e-03	-2.06238e-04	-2.79989e+00	
110	3.498277e-07	-1.05006e-04	5.089270e-04	3.015835e+00	
111	3.498309e-07	-3.92680e-03	-1.09997e-03	-6.31427e-01	
112	3.498373e-07	2.371728e-04	2.853539e-04	2.067347e-01	

Index   time            v1#branch       v2#branch       v3#branch       
--------------------------------------------------------------------------------
113	3.498500e-07	-1.89995e-04	-3.62300e-04	-1.83980e-01	
114	3.498640e-07	9.790724e-05	2.389493e-04	1.938555e-01	
115	3.498892e-07	-7.23030e-05	-2.47028e-04	-1.70983e-01	
116	3.498955e-07	-7.55317e-05	-3.16891e-05	-1.14203e-03	
117	3.499081e-07	4.810919e-05	3.281509e-05	1.834245e-02	
118	3.499102e-07	1.988816e-05	1.393793e-05	1.184838e-02	
119	3.499143e-07	1.522090e-05	1.258970e-05	1.293039e-02	
120	3.499154e-07	2.261393e-05	1.617031e-05	1.371425e-02	
121	3.499175e-07	4.009386e-05	2.239545e-05	1.647183e-02	
122	3.499216e-07	1.240214e-04	4.666902e-05	3.030582e-02	
123	3.499227e-07	1.946184e-04	6.756182e-05	4.324002e-02	
124	3.499247e-07	2.715145e-02	9.372125e-03	5.141180e+00	
125	3.499269e-07	-9.27735e-03	-4.16716e-03	-4.93277e+00	
126	3.499292e-07	3.421856e-04	1.021109e-03	4.421529e+00	
127	3.499333e-07	6.127269e-04	-8.85716e-05	-4.23490e+00	
128	3.499402e-07	-6.50533e-04	2.503201e-04	4.282063e+00	
129	3.499502e-07	9.507398e-04	1.863365e-04	-4.10992e+00	
130	3.499589e-07	1.617214e-04	3.872570e-04	4.358287e+00	
131	3.499645e-07	-2.92290e-04	-1.68938e-04	-4.40956e+00	
132	3.499687e-07	-8.14259e-05	1.684549e-04	4.380067e+00	
133	3.499716e-07	3.707621e-04	1.750570e-04	-4.30709e+00	
134	3.499743e-07	-4.11296e-04	-6.43447e-05	4.260401e+00	
135	3.499768e-07	2.773199e-04	1.928978e-04	-4.23458e+00	
136	3.499796e-07	-2.07068e-04	-2.10444e-05	4.222620e+00	
137	3.499832e-07	1.180309e-04	1.266901e-04	-4.21814e+00	
138	3.499882e-07	-1.19561e-04	2.412117e-06	4.215301e+00	
139	3.499965e-07	6.490880e-05	8.676728e-05	-4.21475e+00	
140	3.500104e-07	-1.01725e-04	-1.28840e-05	4.213713e+00	
141	3.500355e-07	4.216632e-05	4.511321e-05	-4.21396e+00	
142	3.500820e-07	-1.07581e-04	-5.01152e-05	4.213323e+00	
143	3.501686e-07	2.551248e-05	1.162638e-05	-4.21374e+00	
144	3.503329e-07	-1.16899e-04	-5.99203e-05	4.213217e+00	
145	3.506444e-07	1.651018e-05	1.611277e-05	-4.21369e+00	
146	3.512674e-07	-1.20826e-04	-5.44709e-05	4.213192e+00	
147	3.525133e-07	1.591045e-05	1.745523e-05	-4.21366e+00	
148	3.550051e-07	-1.18782e-04	-5.38144e-05	4.213196e+00	
149	3.556280e-07	-5.06095e-05	-1.79001e-05	-2.25639e-04	
150	3.568739e-07	-5.13522e-05	-1.82266e-05	-4.21277e-04	
151	3.588442e-07	-5.36223e-05	-1.90423e-05	-7.64952e-04	
152	3.591442e-07	-5.53188e-05	-1.96894e-05	-9.98827e-04	
153	3.592192e-07	-5.80196e-05	-2.07941e-05	-1.38585e-03	
154	3.592380e-07	-5.95225e-05	-2.13834e-05	-1.61011e-03	
155	3.592755e-07	-6.28094e-05	-2.27306e-05	-2.08768e-03	
156	3.592848e-07	-6.32743e-05	-2.29671e-05	-2.14497e-03	
157	3.593036e-07	-6.61145e-05	-2.40980e-05	-2.57584e-03	
158	3.593411e-07	-8.30082e-05	-3.06459e-05	-5.12636e-03	
159	3.593505e-07	-1.22129e-04	-4.46571e-05	-1.13851e-02	
160	3.593528e-07	-1.42838e-04	-5.18760e-05	-1.49160e-02	
161	3.593575e-07	-2.24621e-04	-7.99489e-05	-2.88125e-02	
162	3.593583e-07	-2.50245e-04	-8.86867e-05	-3.32437e-02	
163	3.593599e-07	-3.17981e-04	-1.11745e-04	-4.52265e-02	
164	3.593630e-07	-6.65033e-04	-2.28794e-04	-1.07060e-01	
165	3.593638e-07	-8.76797e-04	-3.00104e-04	-1.46985e-01	
166	3.593654e-07	-1.67916e-03	-5.69685e-04	-3.04279e-01	
167	3.593657e-07	-1.92568e-03	-6.52485e-04	-3.55129e-01	
168	3.593662e-07	-2.57466e-03	-8.70912e-04	-4.95343e-01	
169	3.593672e-07	-5.75543e-03	-1.93359e-03	-1.18348e+00	
170	3.593693e-07	-1.43369e-02	-3.78530e-03	-2.27366e+00	

Index   time            v1#branch       v2#branch       v3#branch       
--------------------------------------------------------------------------------
171	3.593719e-07	5.520361e-03	3.019845e-03	2.095866e+00	
172	3.593756e-07	-2.80179e-03	-2.76259e-03	-2.00370e+00	
173	3.593801e-07	1.538300e-03	1.673031e-03	1.975095e+00	
174	3.593892e-07	-1.06162e-03	-1.76428e-03	-1.92672e+00	
175	3.594074e-07	8.284211e-04	1.356789e-03	1.927338e+00	
176	3.594437e-07	-6.53439e-04	-1.38327e-03	-1.88962e+00	
177	3.595096e-07	8.082257e-04	1.431392e-03	1.932827e+00	
178	3.596046e-07	-1.96746e-04	-1.10315e-03	-1.82530e+00	
179	3.596558e-07	3.315161e-04	1.218132e-03	1.865878e+00	
180	3.597047e-07	-4.71577e-04	-1.20093e-03	-1.89007e+00	
181	3.597840e-07	5.161402e-04	1.188965e-03	1.913793e+00	
182	3.598595e-07	-6.89406e-04	-1.24479e-03	-1.93621e+00	
183	3.599827e-07	6.632496e-04	1.204820e-03	1.948906e+00	
184	3.601674e-07	-7.86706e-04	-1.24940e-03	-1.95758e+00	
185	3.604683e-07	7.136658e-04	1.213359e-03	1.961962e+00	
186	3.610671e-07	-8.18809e-04	-1.24869e-03	-1.96481e+00	
187	3.622648e-07	7.246034e-04	1.213683e-03	1.965007e+00	
188	3.646600e-07	-8.19066e-04	-1.24631e-03	-1.96579e+00	
189	3.652589e-07	-4.37879e-05	-1.63631e-05	4.188757e-04	
190	3.657556e-07	-4.80340e-05	-1.63706e-05	-8.50866e-04	
191	3.661471e-07	-4.57376e-05	-1.70818e-05	1.143971e-04	
192	3.665287e-07	-5.00533e-05	-1.71565e-05	-1.14079e-03	
193	3.672919e-07	-4.55554e-05	-1.68032e-05	1.389637e-04	
194	3.674827e-07	-4.86948e-05	-1.73129e-05	-6.40247e-04	
195	3.678643e-07	-4.89515e-05	-1.74008e-05	-6.61848e-04	
196	3.686276e-07	-5.43903e-05	-1.94183e-05	-1.36350e-03	
197	3.686292e-07	-5.63249e-05	-2.00490e-05	-1.74430e-03	
198	3.686323e-07	-6.08300e-05	-2.14917e-05	-2.46752e-03	
199	3.686386e-07	-7.70540e-05	-2.68177e-05	-5.09721e-03	
200	3.686402e-07	-8.38073e-05	-2.90637e-05	-6.18849e-03	
201	3.686434e-07	-1.00961e-04	-3.47716e-05	-8.98421e-03	
202	3.686497e-07	-1.84438e-04	-6.24655e-05	-2.27251e-02	
203	3.686513e-07	-2.33863e-04	-7.87680e-05	-3.11068e-02	
204	3.686545e-07	-4.15935e-04	-1.38343e-04	-6.26886e-02	
205	3.686552e-07	-5.06061e-04	-1.67651e-04	-7.85858e-02	
206	3.686568e-07	-7.83390e-04	-2.57681e-04	-1.29490e-01	
207	3.686592e-07	-2.37866e-03	-7.69327e-04	-4.31031e-01	
208	3.686633e-07	-1.20556e-02	-2.93346e-03	-1.95892e+00	
209	3.686670e-07	6.407030e-03	2.700129e-03	1.853761e+00	
210	3.686730e-07	-4.32383e-03	-3.06115e-03	-1.78417e+00	
211	3.686796e-07	2.950623e-03	2.227972e-03	1.759137e+00	
212	3.686928e-07	-2.38804e-03	-2.39956e-03	-1.71813e+00	
213	3.687191e-07	2.106501e-03	2.081043e-03	1.717123e+00	
214	3.687256e-07	2.404793e-04	5.921582e-05	2.168849e-02	
215	3.687388e-07	-2.08237e-04	-1.25574e-04	-7.83572e-03	
216	3.687651e-07	1.838369e-04	1.045784e-04	1.992153e-02	
217	3.687716e-07	1.466368e-05	1.354718e-05	6.969172e-03	
218	3.687848e-07	-1.11773e-06	1.699565e-05	8.126793e-03	
219	3.687881e-07	9.913301e-06	2.165274e-05	8.328167e-03	
220	3.687946e-07	3.593504e-05	2.982917e-05	1.217800e-02	
221	3.687963e-07	4.294880e-05	3.181165e-05	1.316795e-02	
222	3.687996e-07	8.099389e-05	4.204599e-05	1.967091e-02	
223	3.688004e-07	9.803872e-05	4.609724e-05	2.225215e-02	
224	3.688020e-07	1.574434e-04	6.102189e-05	3.295593e-02	
225	3.688024e-07	1.826728e-04	6.719889e-05	3.727198e-02	
226	3.688033e-07	2.531984e-04	8.516674e-05	5.084337e-02	
227	3.688049e-07	8.059854e-04	2.303464e-04	1.621080e-01	
228	3.688082e-07	2.391648e-02	7.660839e-03	3.820897e+00	

Index   time            v1#branch       v2#branch       v3#branch       
--------------------------------------------------------------------------------
229	3.688113e-07	-2.23022e-02	-8.23889e-03	-5.21094e+00	
230	3.688146e-07	1.618778e-02	7.289074e-03	5.877725e+00	
231	3.688187e-07	-1.15268e-02	-5.38500e-03	-6.05500e+00	
232	3.688248e-07	9.094513e-03	4.838353e-03	6.190931e+00	
233	3.688347e-07	-7.71876e-03	-3.97291e-03	-6.18297e+00	
234	3.688544e-07	7.174933e-03	3.980870e-03	6.246943e+00	
235	3.688892e-07	-6.66815e-03	-3.63219e-03	-6.18511e+00	
236	3.689245e-07	6.455260e-03	3.603018e-03	6.213114e+00	
237	3.689369e-07	-5.84758e-03	-3.27202e-03	-6.26722e+00	
238	3.689491e-07	5.111856e-03	2.951573e-03	6.295577e+00	
239	3.689582e-07	-4.25580e-03	-2.53202e-03	-6.31191e+00	
240	3.689658e-07	3.273858e-03	2.064473e-03	6.315182e+00	
241	3.689736e-07	-2.57714e-03	-1.70168e-03	-6.31293e+00	
242	3.689810e-07	1.915227e-03	1.349483e-03	6.308093e+00	
243	3.689899e-07	-1.56612e-03	-1.14653e-03	-6.30514e+00	
244	3.690006e-07	1.244955e-03	9.560966e-04	6.302174e+00	
245	3.690146e-07	-1.12717e-03	-8.82389e-04	-6.30108e+00	
246	3.690344e-07	9.604732e-04	7.745747e-04	6.299561e+00	
247	3.690623e-07	-9.52293e-04	-7.71303e-04	-6.29942e+00	
248	3.691040e-07	8.424563e-04	6.971130e-04	6.298512e+00	
249	3.691665e-07	-8.84436e-04	-7.23966e-04	-6.29876e+00	
250	3.692617e-07	7.915819e-04	6.683912e-04	6.298093e+00	
251	3.694102e-07	-8.59852e-04	-7.00390e-04	-6.29849e+00	
252	3.696931e-07	7.699624e-04	6.609888e-04	6.297941e+00	
253	3.702587e-07	-8.53888e-04	-6.91265e-04	-6.29841e+00	
254	3.713901e-07	7.651418e-04	6.591807e-04	6.297906e+00	
255	3.736529e-07	-8.50472e-04	-6.89343e-04	-6.29838e+00	
256	3.781784e-07	7.659315e-04	6.591290e-04	6.297877e+00	
257	3.787262e-07	-4.28006e-05	-1.50549e-05	-5.28574e-04	
258	3.798219e-07	-4.67647e-05	-1.68136e-05	-8.20130e-04	
259	3.799353e-07	-4.79574e-05	-1.70689e-05	-1.08477e-03	
260	3.799637e-07	-5.12944e-05	-1.82951e-05	-1.58470e-03	
261	3.799708e-07	-5.31976e-05	-1.89517e-05	-1.87987e-03	
262	3.799850e-07	-6.05064e-05	-2.14374e-05	-3.01245e-03	
263	3.799885e-07	-6.40796e-05	-2.26443e-05	-3.56761e-03	
264	3.799956e-07	-7.53495e-05	-2.63886e-05	-5.34769e-03	
265	3.799974e-07	-7.99740e-05	-2.79076e-05	-6.07629e-03	
266	3.800009e-07	-9.22212e-05	-3.18976e-05	-8.04281e-03	
267	3.800080e-07	-1.56545e-04	-5.23940e-05	-1.84287e-02	
268	3.800098e-07	-1.95665e-04	-6.46921e-05	-2.49083e-02	
269	3.800133e-07	-3.38926e-04	-1.09183e-04	-4.90594e-02	
270	3.800142e-07	-4.08936e-04	-1.30726e-04	-6.10055e-02	
271	3.800160e-07	-6.22100e-04	-1.96096e-04	-9.87352e-02	
272	3.800164e-07	-6.95848e-04	-2.18504e-04	-1.11497e-01	
273	3.800172e-07	-8.82780e-04	-2.75534e-04	-1.46326e-01	
274	3.800188e-07	-1.62618e-03	-4.99664e-04	-2.82464e-01	
275	3.800219e-07	-1.70261e-02	-4.02073e-03	-3.00732e+00	
276	3.800252e-07	8.050151e-03	4.346073e-03	2.804282e+00	
277	3.800295e-07	-4.52192e-03	-4.66200e-03	-2.69450e+00	
278	3.800356e-07	2.899173e-03	3.357504e-03	2.649031e+00	
279	3.800479e-07	-2.24065e-03	-3.54661e-03	-2.59829e+00	
280	3.800724e-07	1.913052e-03	3.060413e-03	2.588556e+00	
281	3.800785e-07	2.764606e-04	9.639511e-05	2.593877e-02	
282	3.800908e-07	-2.29531e-04	-2.05872e-04	-1.44068e-02	
283	3.801153e-07	2.130155e-04	1.572799e-04	2.422218e-02	
284	3.801644e-07	-1.47125e-04	-1.06927e-04	-6.59935e-03	
285	3.801660e-07	1.430769e-05	2.647994e-05	1.387879e-02	
286	3.801690e-07	2.542429e-02	7.545803e-03	4.277478e+00	

Index   time            v1#branch       v2#branch       v3#branch       
--------------------------------------------------------------------------------
287	3.801719e-07	-2.00783e-02	-7.27913e-03	-5.40643e+00	
288	3.801749e-07	1.281825e-02	6.056533e-03	5.800134e+00	
289	3.801790e-07	-8.60932e-03	-4.18074e-03	-5.87653e+00	
290	3.801860e-07	6.904748e-03	3.952378e-03	5.957161e+00	
291	3.801992e-07	-6.02450e-03	-3.23134e-03	-5.93379e+00	
292	3.802256e-07	5.702620e-03	3.336549e-03	5.978011e+00	
293	3.802785e-07	-5.46680e-03	-3.12611e-03	-5.94351e+00	
294	3.803676e-07	5.432141e-03	3.120168e-03	5.964403e+00	
295	3.804086e-07	-5.39548e-03	-3.10622e-03	-5.99568e+00	
296	3.804466e-07	5.200487e-03	2.982280e-03	6.018507e+00	
297	3.804826e-07	-5.06560e-03	-2.93580e-03	-6.03388e+00	
298	3.805154e-07	4.774899e-03	2.780700e-03	6.044036e+00	
299	3.805478e-07	-4.58973e-03	-2.71154e-03	-6.05041e+00	
300	3.805792e-07	4.269074e-03	2.550063e-03	6.052915e+00	
301	3.806099e-07	-4.07476e-03	-2.47247e-03	-6.05414e+00	
302	3.806407e-07	3.755560e-03	2.314797e-03	6.052896e+00	
303	3.806713e-07	-3.58079e-03	-2.24025e-03	-6.05167e+00	
304	3.807025e-07	3.283752e-03	2.093864e-03	6.048909e+00	
305	3.807345e-07	-3.14439e-03	-2.02983e-03	-6.04692e+00	
306	3.807682e-07	2.883915e-03	1.901157e-03	6.043914e+00	
307	3.808042e-07	-2.78924e-03	-1.85330e-03	-6.04207e+00	
308	3.808440e-07	2.572540e-03	1.746655e-03	6.039469e+00	
309	3.808901e-07	-2.52869e-03	-1.71976e-03	-6.03822e+00	
310	3.809446e-07	2.357960e-03	1.637717e-03	6.036268e+00	
311	3.810120e-07	-2.35919e-03	-1.63048e-03	-6.03564e+00	
312	3.811015e-07	2.227642e-03	1.570783e-03	6.034306e+00	
313	3.812259e-07	-2.26666e-03	-1.58047e-03	-6.03423e+00	
314	3.814166e-07	2.163577e-03	1.538028e-03	6.033347e+00	
315	3.817323e-07	-2.22744e-03	-1.55879e-03	-6.03362e+00	
316	3.823246e-07	2.140754e-03	1.526375e-03	6.033008e+00	
317	3.835092e-07	-2.21517e-03	-1.55225e-03	-6.03344e+00	
318	3.858785e-07	2.135774e-03	1.523595e-03	6.032932e+00	
319	3.906170e-07	-2.21080e-03	-1.55018e-03	-6.03343e+00	
320	3.909374e-07	-4.12839e-05	-1.52789e-05	-3.05163e-04	
321	3.915783e-07	-3.92778e-05	-1.35143e-05	-9.41251e-04	
322	3.917385e-07	-4.10526e-05	-1.45469e-05	-7.01247e-04	
323	3.920589e-07	-4.50112e-05	-1.59605e-05	-1.26004e-03	
324	3.921390e-07	-4.80676e-05	-1.71830e-05	-1.69693e-03	
325	3.921415e-07	-4.90271e-05	-1.74631e-05	-1.86277e-03	
326	3.921465e-07	-5.13847e-05	-1.81491e-05	-2.22536e-03	
327	3.921565e-07	-6.26279e-05	-2.15265e-05	-3.97849e-03	
328	3.921590e-07	-6.84561e-05	-2.32831e-05	-4.89097e-03	
329	3.921640e-07	-8.55113e-05	-2.83926e-05	-7.57930e-03	
330	3.921653e-07	-9.21057e-05	-3.03588e-05	-8.61520e-03	
331	3.921678e-07	-1.08607e-04	-3.52617e-05	-1.12523e-02	
332	3.921728e-07	-1.74271e-04	-5.44999e-05	-2.17295e-02	
333	3.921740e-07	-2.05822e-04	-6.36595e-05	-2.68855e-02	
334	3.921765e-07	-2.98696e-04	-9.03540e-05	-4.22774e-02	
335	3.921772e-07	-3.34134e-04	-1.00411e-04	-4.80477e-02	
336	3.921784e-07	-4.25061e-04	-1.26266e-04	-6.36760e-02	
337	3.921809e-07	-8.04000e-04	-2.32066e-04	-1.28113e-01	
338	3.921815e-07	-9.99581e-04	-2.86468e-04	-1.63520e-01	
339	3.921828e-07	-1.63252e-03	-4.61678e-04	-2.82181e-01	
340	3.921853e-07	-2.09785e-02	-4.48872e-03	-3.88903e+00	
341	3.921884e-07	9.332986e-03	6.048802e-03	3.593038e+00	
342	3.921917e-07	-4.32730e-03	-6.42326e-03	-3.44108e+00	
343	3.921977e-07	2.616933e-03	4.582652e-03	3.381074e+00	
344	3.922096e-07	-1.95911e-03	-4.82123e-03	-3.32556e+00	

Index   time            v1#branch       v2#branch       v3#branch       
--------------------------------------------------------------------------------
345	3.922316e-07	1.583436e-03	4.119133e-03	3.307628e+00	
346	3.922690e-07	9.385039e-04	-3.45765e-03	-2.95166e+00	
347	3.923045e-07	-5.76896e-04	3.767113e-03	3.008952e+00	
348	3.923301e-07	2.505142e-04	-3.37012e-03	-3.02844e+00	
349	3.923652e-07	1.386788e-05	3.379108e-03	3.081560e+00	
350	3.924352e-07	-8.50387e-05	-3.27490e-03	-3.07941e+00	
351	3.924604e-07	3.160236e-04	3.107786e-03	3.122279e+00	
352	3.924780e-07	-6.69628e-04	-2.92855e-03	-3.17929e+00	
353	3.924994e-07	8.432090e-04	2.744205e-03	3.222361e+00	
354	3.925422e-07	-9.84786e-04	-2.70723e-03	-3.24368e+00	
355	3.926144e-07	9.846181e-04	2.626471e-03	3.255223e+00	
356	3.927324e-07	-1.07386e-03	-2.63872e-03	-3.26300e+00	
357	3.929682e-07	1.024071e-03	2.593536e-03	3.266091e+00	
358	3.934398e-07	-1.10105e-03	-2.61505e-03	-3.26838e+00	
359	3.943832e-07	1.033244e-03	2.586263e-03	3.268760e+00	
360	3.962698e-07	-1.10607e-03	-2.61002e-03	-3.26969e+00	
361	4.000430e-07	1.034767e-03	2.583529e-03	3.269162e+00	
362	4.002537e-07	-2.40839e-05	-2.90174e-06	9.701269e-04	
363	4.006752e-07	-4.27251e-05	-2.12388e-05	-1.25341e-03	
364	4.010418e-07	-2.66329e-05	-4.78478e-06	6.289376e-04	
365	4.014877e-07	-4.22402e-05	-1.93884e-05	-1.09581e-03	
366	4.019540e-07	-3.02425e-05	-6.76626e-06	6.765198e-05	
367	4.025760e-07	-4.68423e-05	-2.05298e-05	-1.71365e-03	
368	4.026677e-07	-4.73573e-05	-1.69644e-05	-2.11775e-03	
369	4.026705e-07	-4.84560e-05	-1.72504e-05	-2.30467e-03	
370	4.026763e-07	-5.06085e-05	-1.78557e-05	-2.62072e-03	
371	4.026877e-07	-5.78770e-05	-2.00449e-05	-3.72929e-03	
372	4.026906e-07	-6.10010e-05	-2.09769e-05	-4.20244e-03	
373	4.026963e-07	-6.94507e-05	-2.34699e-05	-5.49875e-03	
374	4.027078e-07	-1.18668e-04	-3.75523e-05	-1.30652e-02	
375	4.027101e-07	-1.44231e-04	-4.46369e-05	-1.71038e-02	
376	4.027148e-07	-2.36319e-04	-6.94558e-05	-3.17787e-02	
377	4.027159e-07	-2.80370e-04	-8.10947e-05	-3.88455e-02	
378	4.027182e-07	-4.15474e-04	-1.16404e-04	-6.12815e-02	
379	4.027229e-07	-1.54940e-02	-2.26599e-03	-2.55021e+00	
380	4.027283e-07	9.924386e-03	3.573531e-03	2.439404e+00	
381	4.027338e-07	-6.59433e-03	-5.60910e-03	-2.35059e+00	
382	4.027438e-07	5.065121e-03	4.621734e-03	2.317484e+00	
383	4.027636e-07	-4.44335e-03	-5.11873e-03	-2.28137e+00	
384	4.028011e-07	6.920271e-03	5.488446e-03	2.666467e+00	
385	4.028351e-07	-7.04151e-03	-4.97573e-03	-2.72513e+00	
386	4.028723e-07	7.205487e-03	5.137927e-03	2.807729e+00	
387	4.029128e-07	-7.27638e-03	-4.98705e-03	-2.85057e+00	
388	4.029938e-07	7.280371e-03	4.962534e-03	2.887445e+00	
389	4.031321e-07	-7.31308e-03	-4.96823e-03	-2.89811e+00	
390	4.032288e-07	7.256287e-03	4.899699e-03	2.918488e+00	
391	4.033123e-07	-7.30269e-03	-4.89495e-03	-2.94248e+00	
392	4.033932e-07	7.228054e-03	4.824361e-03	2.965432e+00	
393	4.035551e-07	-7.27987e-03	-4.83258e-03	-2.97731e+00	
394	4.038313e-07	7.209027e-03	4.794676e-03	2.983353e+00	
395	4.043671e-07	-7.27147e-03	-4.81278e-03	-2.98721e+00	
396	4.054388e-07	7.198451e-03	4.784287e-03	2.987711e+00	
397	4.075083e-07	-7.30745e-03	-4.81919e-03	-2.99493e+00	
398	4.094367e-07	7.213740e-03	4.788776e-03	2.993271e+00	
399	4.107342e-07	-7.17969e-03	-4.77922e-03	-2.97789e+00	
400	4.115544e-07	7.151896e-03	4.753014e-03	2.982291e+00	
401	4.122995e-07	-7.22754e-03	-4.78013e-03	-2.98799e+00	
402	4.132419e-07	7.176652e-03	4.763138e-03	2.991271e+00	

Index   time            v1#branch       v2#branch       v3#branch       
--------------------------------------------------------------------------------
403	4.142344e-07	-7.24189e-03	-4.78694e-03	-2.99531e+00	
404	4.152725e-07	7.187299e-03	4.767019e-03	2.997903e+00	
405	4.163248e-07	-7.24912e-03	-4.78809e-03	-3.00141e+00	
406	4.170883e-07	7.192570e-03	4.765641e-03	3.004636e+00	
407	4.174575e-07	-7.25191e-03	-4.78039e-03	-3.01184e+00	
408	4.177198e-07	7.189460e-03	4.747476e-03	3.019462e+00	
409	4.179361e-07	-7.23886e-03	-4.75227e-03	-3.02851e+00	
410	4.181444e-07	7.169770e-03	4.714988e-03	3.036302e+00	
411	4.183896e-07	-7.21849e-03	-4.72225e-03	-3.04383e+00	
412	4.188598e-07	7.154505e-03	4.694204e-03	3.046781e+00	
413	4.198002e-07	-7.21023e-03	-4.71149e-03	-3.04915e+00	
414	4.216809e-07	7.150186e-03	4.688835e-03	3.049375e+00	
415	4.254423e-07	-7.20773e-03	-4.70868e-03	-3.05045e+00	
416	4.263826e-07	-2.99691e-05	-1.12855e-05	9.379266e-05	
417	4.282633e-07	-2.85740e-05	-9.50801e-06	-7.73016e-04	
418	4.287335e-07	-2.93251e-05	-1.04106e-05	-3.41212e-04	
419	4.296738e-07	-2.93726e-05	-1.04299e-05	-3.37803e-04	
420	4.299089e-07	-2.93892e-05	-1.04324e-05	-3.38043e-04	
421	4.303791e-07	-2.94159e-05	-1.04385e-05	-3.36941e-04	
422	4.304966e-07	-3.33903e-05	-1.19102e-05	-9.25254e-04	
423	4.307317e-07	-3.96525e-05	-1.42396e-05	-1.86765e-03	
424	4.307905e-07	-4.21529e-05	-1.50167e-05	-2.24179e-03	
425	4.308052e-07	-4.54830e-05	-1.58593e-05	-2.73249e-03	
426	4.308346e-07	-6.23858e-05	-2.03485e-05	-5.19196e-03	
427	4.308419e-07	-7.55407e-05	-2.36514e-05	-7.12217e-03	
428	4.308438e-07	-8.02658e-05	-2.47516e-05	-7.84641e-03	
429	4.308474e-07	-9.18905e-05	-2.73603e-05	-9.57847e-03	
430	4.308548e-07	-1.37513e-04	-3.71464e-05	-1.63904e-02	
431	4.308566e-07	-1.60331e-04	-4.18190e-05	-1.98807e-02	
432	4.308603e-07	-2.32592e-04	-5.58895e-05	-3.10962e-02	
433	4.308612e-07	-2.61555e-04	-6.12873e-05	-3.55098e-02	
434	4.308630e-07	-3.41047e-04	-7.59788e-05	-4.83256e-02	
435	4.308667e-07	-7.60167e-04	-1.47760e-04	-1.15399e-01	
436	4.308741e-07	-1.02610e-02	6.281974e-04	-1.50880e+00	
437	4.308829e-07	7.640654e-03	5.082609e-05	1.472922e+00	
438	4.308920e-07	-6.18780e-03	-3.25745e-03	-1.43103e+00	
439	4.309075e-07	5.148521e-03	2.658182e-03	1.415595e+00	
440	4.309387e-07	-4.80976e-03	-3.37310e-03	-1.39463e+00	
441	4.310010e-07	5.189828e-03	3.492291e-03	1.465660e+00	
442	4.311256e-07	-4.64908e-03	-3.08659e-03	-1.40311e+00	
443	4.312482e-07	4.697457e-03	3.160181e-03	1.430406e+00	
444	4.313776e-07	-4.70202e-03	-3.21081e-03	-1.42835e+00	
445	4.315107e-07	4.665217e-03	3.147377e-03	1.442195e+00	
446	4.317319e-07	-4.69639e-03	-3.17015e-03	-1.44436e+00	
447	4.319706e-07	4.640163e-03	3.134980e-03	1.448988e+00	
448	4.322868e-07	-4.68606e-03	-3.14909e-03	-1.45261e+00	
449	4.326192e-07	4.625329e-03	3.121909e-03	1.454905e+00	
450	4.332841e-07	-4.67685e-03	-3.13800e-03	-1.45709e+00	
451	4.342474e-07	4.619305e-03	3.115965e-03	1.457364e+00	
452	4.361738e-07	-4.67337e-03	-3.13436e-03	-1.45858e+00	
453	4.366554e-07	-2.89927e-05	-1.10781e-05	1.443518e-04	
454	4.376186e-07	-2.67572e-05	-8.68787e-06	-8.61458e-04	
455	4.395450e-07	-2.93351e-05	-1.11712e-05	1.477851e-04	
456	4.400266e-07	-2.82135e-05	-9.99245e-06	-3.49342e-04	
457	4.409899e-07	-2.83490e-05	-1.00276e-05	-3.46994e-04	
458	4.411538e-07	-2.88905e-05	-1.02250e-05	-4.21822e-04	
459	4.414816e-07	-4.26361e-05	-1.50832e-05	-2.39961e-03	
460	4.414918e-07	-4.36131e-05	-1.53364e-05	-2.53670e-03	

Index   time            v1#branch       v2#branch       v3#branch       
--------------------------------------------------------------------------------
461	4.415123e-07	-4.74876e-05	-1.63809e-05	-3.09608e-03	
462	4.415175e-07	-4.88381e-05	-1.67616e-05	-3.28482e-03	
463	4.415277e-07	-5.29303e-05	-1.77837e-05	-3.87872e-03	
464	4.415482e-07	-7.36041e-05	-2.26385e-05	-6.84388e-03	
465	4.415533e-07	-8.78861e-05	-2.56198e-05	-8.93541e-03	
466	4.415636e-07	-1.63248e-04	-3.91474e-05	-2.01269e-02	
467	4.415661e-07	-2.17220e-04	-4.78238e-05	-2.83110e-02	
468	4.415712e-07	-5.03036e-04	-8.84113e-05	-7.29935e-02	
469	4.415725e-07	-7.12033e-04	-1.15483e-04	-1.07020e-01	
470	4.415751e-07	-1.83750e-03	-2.46772e-04	-2.99971e-01	
471	4.415757e-07	-2.68643e-03	-3.37992e-04	-4.56947e-01	
472	4.415770e-07	-7.72939e-03	-8.11374e-04	-1.48040e+00	
473	4.415796e-07	-1.37087e-02	4.700691e-03	-1.60294e+00	
474	4.415847e-07	8.573051e-03	1.408207e-04	1.547168e+00	
475	4.415893e-07	-5.79129e-03	-6.10498e-03	-1.50308e+00	
476	4.415970e-07	4.057856e-03	4.709117e-03	1.491594e+00	
477	4.416123e-07	-3.77563e-03	-6.19232e-03	-1.47722e+00	
478	4.416428e-07	3.363730e-03	5.429910e-03	1.475362e+00	
479	4.416504e-07	2.138395e-04	-3.76385e-05	7.690291e-03	
480	4.416657e-07	-2.25436e-04	-1.32391e-04	-4.04744e-03	
481	4.416963e-07	2.038679e-04	1.649322e-04	7.274875e-03	
482	4.417574e-07	1.410297e-03	3.561742e-04	2.037539e-01	
483	4.418237e-07	-1.25740e-03	1.963017e-04	-1.87623e-01	
484	4.418921e-07	1.369832e-03	-8.51724e-05	2.164992e-01	
485	4.419890e-07	-1.36583e-03	2.727454e-05	-2.08761e-01	
486	4.421830e-07	1.365038e-03	-7.53687e-05	2.195546e-01	
487	4.424376e-07	-1.40265e-03	3.378583e-05	-2.18970e-01	
488	4.427096e-07	1.362616e-03	-5.26886e-05	2.213240e-01	
489	4.430324e-07	-1.41492e-03	2.826795e-05	-2.23497e-01	
490	4.434462e-07	1.366608e-03	-4.34951e-05	2.240432e-01	
491	4.441914e-07	-1.41926e-03	2.340347e-05	-2.25536e-01	
492	4.454377e-07	1.368248e-03	-4.05970e-05	2.251596e-01	
493	4.479304e-07	-1.42094e-03	2.156550e-05	-2.26132e-01	
494	4.529158e-07	1.366738e-03	-4.04335e-05	2.254334e-01	
495	4.628866e-07	-1.44576e-03	1.451504e-05	-2.27319e-01	
496	4.713022e-07	1.403552e-03	-3.29954e-05	2.295948e-01	
497	4.791277e-07	-1.44800e-03	1.598848e-05	-2.30236e-01	
498	4.800752e-07	-2.69005e-05	-7.10378e-06	-6.30962e-04	
499	4.819704e-07	-2.44905e-05	-9.55185e-06	-2.89111e-04	
500	4.824442e-07	-2.53928e-05	-9.30386e-06	-2.88571e-04	
501	4.833918e-07	-2.63555e-05	-9.03850e-06	-3.78475e-04	
502	4.852870e-07	-2.91677e-05	-9.89729e-06	-5.73581e-04	
503	4.890773e-07	-8.00721e-05	-1.97096e-05	-3.67075e-03	
504	4.918186e-07	8.420504e-05	1.059287e-05	1.119933e-02	
505	4.943699e-07	-1.08076e-04	-3.17498e-05	-1.02308e-02	
506	4.969539e-07	5.488087e-05	2.035064e-05	8.185124e-03	
507	4.988428e-07	-9.09410e-05	-3.60129e-05	-8.08580e-03	
508	5.006328e-07	3.781255e-05	1.737524e-05	6.748167e-03	
509	5.026008e-07	-8.40103e-05	-3.08433e-05	-7.29142e-03	
510	5.047528e-07	3.021214e-05	9.759235e-06	6.409144e-03	
511	5.078702e-07	-8.38495e-05	-2.60522e-05	-7.08239e-03	
512	5.124018e-07	-3.39455e-05	-5.51988e-06	3.294787e-03	
513	5.157190e-07	3.367925e-05	-6.62785e-06	2.834655e-03	
514	5.188671e-07	-6.00933e-05	-1.73801e-05	-2.37653e-03	
515	5.218824e-07	2.287236e-06	8.367469e-06	5.540925e-04	
516	5.246382e-07	-4.41908e-05	-2.90109e-05	-6.57424e-04	
517	5.271185e-07	-1.67041e-05	1.241599e-05	-6.17074e-04	
518	5.300831e-07	-3.75627e-05	-3.18440e-05	1.583165e-04	

Index   time            v1#branch       v2#branch       v3#branch       
--------------------------------------------------------------------------------
519	5.304845e-07	-3.41724e-05	-1.23528e-05	-5.95673e-04	
520	5.312871e-07	-2.95061e-05	-7.07109e-06	-3.01637e-04	
521	5.314877e-07	-3.04518e-05	-9.88454e-06	-3.20975e-04	
522	5.318890e-07	-3.12695e-05	-1.10299e-05	-3.40348e-04	
523	5.319894e-07	-3.12909e-05	-1.07322e-05	-3.40824e-04	
524	5.321900e-07	-3.48398e-05	-1.12861e-05	-6.83199e-04	
525	5.322402e-07	-3.87644e-05	-1.21091e-05	-1.07132e-03	
526	5.323405e-07	-4.38834e-05	-1.44790e-05	-1.47089e-03	
527	5.325412e-07	-1.08412e-03	-1.24357e-04	-6.83024e-02	
528	5.327307e-07	1.556778e-03	-2.62347e-04	1.418129e-01	
529	5.329216e-07	-9.72469e-04	1.353129e-03	-1.21690e-01	
530	5.331304e-07	1.044657e-03	-1.86349e-03	1.328016e-01	
531	5.333551e-07	-1.00140e-03	1.851354e-03	-1.30929e-01	
532	5.338046e-07	9.779469e-04	-1.89889e-03	1.322653e-01	
533	5.343706e-07	-1.02201e-03	1.883513e-03	-1.33626e-01	
534	5.353172e-07	9.740939e-04	-1.89862e-03	1.331130e-01	
535	5.368366e-07	-1.02400e-03	1.881524e-03	-1.34192e-01	
536	5.398755e-07	9.703367e-04	-1.89870e-03	1.334785e-01	
537	5.459534e-07	-1.03119e-03	1.878343e-03	-1.34278e-01	
538	5.581090e-07	9.151250e-04	-1.90976e-03	1.326976e-01	
539	5.664716e-07	-9.49978e-04	1.881394e-03	-1.30472e-01	
540	5.731888e-07	9.014464e-04	-1.90234e-03	1.299788e-01	
541	5.795889e-07	-9.76618e-04	1.883539e-03	-1.31023e-01	
542	5.923891e-07	8.344314e-04	-1.91852e-03	1.296199e-01	
543	6.059560e-07	-8.78186e-04	1.885790e-03	-1.28367e-01	
544	6.215856e-07	7.390682e-04	-1.91734e-03	1.269396e-01	
545	6.364519e-07	-8.09658e-04	1.880049e-03	-1.26539e-01	
546	6.544097e-07	6.154144e-04	-1.91932e-03	1.255638e-01	
547	6.800788e-07	-6.65958e-04	1.878907e-03	-1.25142e-01	
548	7.145393e-07	4.476953e-04	-1.91493e-03	1.243527e-01	
549	7.629643e-07	-5.47861e-04	1.863274e-03	-1.24394e-01	
550	8.351592e-07	2.789451e-04	-1.91016e-03	1.239369e-01	
551	9.392762e-07	-4.23176e-04	1.849154e-03	-1.24127e-01	
552	1.065353e-06	1.330924e-04	-1.90380e-03	1.237229e-01	
553	1.230687e-06	-2.97699e-04	1.835254e-03	-1.24020e-01	
554	1.446908e-06	7.911374e-05	-1.88791e-03	1.236134e-01	
555	1.747042e-06	-2.26055e-04	1.831387e-03	-1.24061e-01	
556	2.180274e-06	9.620683e-05	-1.87002e-03	1.236072e-01	
557	2.866105e-06	-1.69388e-04	1.841462e-03	-1.23909e-01	
558	4.166151e-06	1.186568e-04	-1.85710e-03	1.237896e-01	
559	6.026129e-06	-1.33126e-04	1.850602e-03	-1.23823e-01	
560	9.746083e-06	1.306061e-04	-1.85081e-03	1.238234e-01	
561	1.611244e-05	-1.29587e-04	1.850763e-03	-1.23824e-01	
562	2.755970e-05	1.290948e-04	-1.85071e-03	1.238247e-01	
563	5.045424e-05	-1.28864e-04	1.850676e-03	-1.23825e-01	
564	9.624331e-05	1.287515e-04	-1.85066e-03	1.238250e-01	
565	1.878214e-04	-1.28696e-04	1.850649e-03	-1.23825e-01	
566	3.709777e-04	1.286689e-04	-1.85064e-03	1.238251e-01	
567	7.372903e-04	-1.28655e-04	1.850642e-03	-1.23825e-01	
568	1.469915e-03	1.286485e-04	-1.85064e-03	1.238251e-01	
569	2.469915e-03	-1.28644e-04	1.850640e-03	-1.23825e-01	
570	3.469915e-03	1.286385e-04	-1.85064e-03	1.238251e-01	
571	4.469915e-03	-1.28634e-04	1.850638e-03	-1.23825e-01	
572	5.469915e-03	1.286286e-04	-1.85064e-03	1.238251e-01	
573	6.469915e-03	-1.28624e-04	1.850637e-03	-1.23825e-01	
574	7.469915e-03	1.286187e-04	-1.85064e-03	1.238252e-01	
575	8.469915e-03	-1.28614e-04	1.850635e-03	-1.23825e-01	
576	9.469915e-03	1.286088e-04	-1.85063e-03	1.238252e-01	

Index   time            v1#branch       v2#branch       v3#branch       
--------------------------------------------------------------------------------
577	1.046992e-02	-1.28604e-04	1.850633e-03	-1.23825e-01	
578	1.146992e-02	1.285989e-04	-1.85063e-03	1.238252e-01	
579	1.246992e-02	-1.28594e-04	1.850631e-03	-1.23825e-01	
580	1.346992e-02	1.285890e-04	-1.85063e-03	1.238252e-01	
581	1.446992e-02	-1.28584e-04	1.850630e-03	-1.23825e-01	
582	1.546992e-02	1.285792e-04	-1.85063e-03	1.238252e-01	
583	1.646992e-02	-1.28574e-04	1.850628e-03	-1.23825e-01	
584	1.746992e-02	1.285693e-04	-1.85063e-03	1.238252e-01	
585	1.846992e-02	-1.28564e-04	1.850626e-03	-1.23825e-01	
586	1.946992e-02	1.285595e-04	-1.85063e-03	1.238252e-01	
587	2.000001e-02	-1.28550e-04	1.850624e-03	-1.23825e-01	
588	2.000001e-02	-2.06163e-02	6.386952e-02	-2.61568e-02	
589	2.000001e-02	-2.17508e-02	1.612935e-01	-4.56661e-02	
590	2.000001e-02	-1.13439e-02	1.475087e-01	-5.10582e-02	
591	2.000001e-02	-1.21431e-02	1.473577e-01	-3.88340e-02	
592	2.000001e-02	-1.17094e-02	1.398126e-01	-5.17289e-02	
593	2.000001e-02	-1.42970e-02	8.799062e-02	-2.85468e-02	
594	2.000001e-02	1.865444e-02	-5.49520e-02	-7.49062e-03	
595	2.000001e-02	6.019330e-03	-5.48679e-03	-8.70644e-03	
596	2.000001e-02	-4.30454e-02	1.219278e-01	-1.12984e-02	
597	2.000001e-02	-3.78742e-02	1.014611e-01	-1.15310e-02	
598	2.000001e-02	-2.83325e-02	8.491881e-02	-1.18818e-02	
599	2.000001e-02	-1.27825e-02	5.722064e-02	-1.19522e-02	
600	2.000001e-02	3.666063e-02	-1.29779e-01	4.404112e-04	
601	2.000001e-02	-3.69366e-02	1.101912e-01	-7.22675e-03	
602	2.000001e-02	-3.18994e-02	9.529673e-02	-7.92322e-03	
603	2.000001e-02	-2.17181e-02	7.158692e-02	-8.46903e-03	
604	2.000001e-02	-1.94715e-02	6.898685e-02	-8.48935e-03	
605	2.000001e-02	-1.42668e-02	5.863698e-02	-8.53484e-03	
606	2.000001e-02	4.508156e-02	-1.53880e-01	2.430437e-03	
607	2.000001e-02	-1.79658e-02	6.588138e-02	-5.03453e-03	
608	2.000001e-02	-2.25297e-02	8.134620e-02	-8.02720e-03	
609	2.000001e-02	3.392862e-02	-1.41001e-01	6.085514e-03	
610	2.000001e-02	9.731922e-03	2.473712e-02	-8.66201e-04	
611	2.000001e-02	-3.23867e-02	8.576210e-02	-4.21068e-03	
612	2.000001e-02	3.401648e-02	-1.02653e-01	3.556693e-03	
613	2.000001e-02	-3.36162e-02	9.986389e-02	-3.21870e-03	
614	2.000001e-02	3.434177e-02	-9.85715e-02	3.837916e-03	
615	2.000001e-02	-3.16016e-02	1.018786e-01	-2.56592e-03	
616	2.000001e-02	3.576496e-02	-1.01008e-01	4.415502e-03	
617	2.000001e-02	-3.05622e-02	1.028016e-01	-3.26091e-03	
618	2.000001e-02	3.454970e-02	-1.02962e-01	4.431066e-03	
619	2.000002e-02	-3.06654e-02	1.055297e-01	-4.67078e-03	
620	2.000002e-02	3.211716e-02	-1.05738e-01	4.312006e-03	
621	2.000003e-02	-3.03735e-02	1.063793e-01	-5.03592e-03	
622	2.000004e-02	3.127040e-02	-1.05123e-01	3.898053e-03	
623	2.000005e-02	-3.05349e-02	1.043919e-01	-4.54705e-03	
624	2.000007e-02	3.132172e-02	-1.03107e-01	3.509866e-03	
625	2.000011e-02	-3.08120e-02	1.024616e-01	-4.11906e-03	
626	2.000016e-02	3.134399e-02	-1.01783e-01	3.199064e-03	
627	2.000024e-02	-3.09294e-02	1.017301e-01	-3.78620e-03	
628	2.000033e-02	3.134714e-02	-1.01601e-01	3.357444e-03	
629	2.000042e-02	-3.10368e-02	1.015532e-01	-3.99166e-03	
630	2.000048e-02	3.143570e-02	-1.01493e-01	3.754134e-03	
631	2.000055e-02	-3.11717e-02	1.014312e-01	-4.52348e-03	
632	2.000061e-02	3.155901e-02	-1.01369e-01	4.273242e-03	
633	2.000067e-02	-3.13116e-02	1.013034e-01	-5.08138e-03	
634	2.000074e-02	3.167929e-02	-1.01245e-01	4.780308e-03	

Index   time            v1#branch       v2#branch       v3#branch       
--------------------------------------------------------------------------------
635	2.000082e-02	-3.14345e-02	1.011931e-01	-5.57383e-03	
636	2.000091e-02	3.177206e-02	-1.01149e-01	5.148568e-03	
637	2.000101e-02	-3.16028e-02	1.011147e-01	-5.80815e-03	
638	2.000115e-02	3.192814e-02	-1.01085e-01	5.142763e-03	
639	2.000136e-02	-3.17939e-02	1.010731e-01	-5.83140e-03	
640	2.000172e-02	3.203366e-02	-1.01050e-01	5.055467e-03	
641	2.000244e-02	-3.18759e-02	1.010902e-01	-5.69878e-03	
642	2.000355e-02	3.201370e-02	-1.01046e-01	5.287851e-03	
643	2.000473e-02	-3.19575e-02	1.010803e-01	-5.49658e-03	
644	2.000708e-02	3.197974e-02	-1.01064e-01	5.414784e-03	
645	2.000965e-02	-3.19806e-02	1.010671e-01	-5.41910e-03	
646	2.001253e-02	3.198246e-02	-1.01069e-01	5.418813e-03	
647	2.001806e-02	-3.19826e-02	1.010696e-01	-5.41937e-03	
648	2.002488e-02	3.198312e-02	-1.01070e-01	5.419164e-03	
649	2.003627e-02	-3.19831e-02	1.010705e-01	-5.41943e-03	
650	2.005873e-02	3.198323e-02	-1.01071e-01	5.419333e-03	
651	2.010365e-02	-3.19832e-02	1.010707e-01	-5.41943e-03	
652	2.019350e-02	3.198323e-02	-1.01071e-01	5.419391e-03	
653	2.037320e-02	-3.19832e-02	1.010708e-01	-5.41945e-03	
654	2.073260e-02	3.198323e-02	-1.01071e-01	5.419407e-03	
655	2.145140e-02	-3.19832e-02	1.010708e-01	-5.41946e-03	
656	2.245140e-02	3.198323e-02	-1.01071e-01	5.419410e-03	
657	2.345140e-02	-3.19832e-02	1.010708e-01	-5.41946e-03	
658	2.445140e-02	3.198323e-02	-1.01071e-01	5.419412e-03	
659	2.545140e-02	-3.19832e-02	1.010708e-01	-5.41946e-03	
660	2.645140e-02	3.198323e-02	-1.01071e-01	5.419415e-03	
661	2.745140e-02	-3.19832e-02	1.010708e-01	-5.41947e-03	
662	2.845140e-02	3.198323e-02	-1.01071e-01	5.419418e-03	
663	2.945140e-02	-3.19832e-02	1.010708e-01	-5.41947e-03	
664	3.045140e-02	3.198323e-02	-1.01071e-01	5.419422e-03	
665	3.145140e-02	-3.19832e-02	1.010708e-01	-5.41947e-03	
666	3.245140e-02	3.198323e-02	-1.01071e-01	5.419425e-03	
667	3.345140e-02	-3.19832e-02	1.010708e-01	-5.41948e-03	
668	3.445140e-02	3.198323e-02	-1.01071e-01	5.419428e-03	
669	3.545140e-02	-3.19832e-02	1.010709e-01	-5.41948e-03	
670	3.645140e-02	3.198322e-02	-1.01071e-01	5.419432e-03	
671	3.745140e-02	-3.19832e-02	1.010709e-01	-5.41948e-03	
672	3.845140e-02	3.198322e-02	-1.01071e-01	5.419435e-03	
673	3.945140e-02	-3.19832e-02	1.010709e-01	-5.41949e-03	
674	4.000000e-02	3.198322e-02	-1.01071e-01	5.419439e-03	
675	4.000000e-02	5.681205e-03	-7.18850e-02	3.262869e-02	
676	4.000000e-02	5.301907e-02	-1.47574e-01	4.180200e-02	
677	4.000000e-02	3.179224e-02	-1.57922e-01	8.546645e-02	
678	4.000000e-02	1.268865e-02	-1.36972e-01	8.372876e-02	
679	4.000000e-02	6.959777e-03	-1.61783e-01	1.134543e-01	
680	4.000001e-02	1.814118e-03	-1.24689e-01	8.497912e-02	
681	4.000001e-02	3.578259e-02	-6.99131e-02	1.194440e-02	
682	4.000001e-02	5.275557e-02	-3.26410e-02	-2.92374e-02	
683	4.000001e-02	5.325734e-02	-1.85218e-02	-3.30559e-02	
684	4.000001e-02	4.854653e-02	-1.30890e-02	-3.11478e-02	
685	4.000001e-02	4.997104e-02	-1.37117e-02	-3.01159e-02	
686	4.000001e-02	6.061341e-02	-2.22348e-02	-2.91020e-02	
687	4.000001e-02	6.395592e-02	-9.77995e-03	-3.95346e-02	
688	4.000001e-02	6.229763e-02	-2.50639e-02	-2.13064e-02	
689	4.000001e-02	6.091576e-02	1.335640e-02	-5.78016e-02	
690	4.000001e-02	6.184145e-02	-1.25246e-02	-3.32038e-02	
691	4.000001e-02	6.103143e-02	5.469492e-03	-5.01571e-02	
692	4.000001e-02	6.153555e-02	-8.08415e-03	-3.72916e-02	

Index   time            v1#branch       v2#branch       v3#branch       
--------------------------------------------------------------------------------
693	4.000001e-02	6.091251e-02	3.506365e-03	-4.81179e-02	
694	4.000001e-02	5.275476e-02	-8.12254e-03	-5.30670e-02	
695	4.000001e-02	7.278569e-02	6.034226e-03	-1.04425e-01	
696	4.000001e-02	7.832671e-02	-2.87916e-04	-1.16964e-01	
697	4.000001e-02	8.246412e-02	-4.35020e-04	-1.34347e-01	
698	4.000001e-02	9.220262e-02	-4.91277e-04	-1.80828e-01	
699	4.000001e-02	9.650816e-02	-5.40864e-04	-2.01485e-01	
700	4.000001e-02	1.102243e-01	-6.72177e-04	-2.67320e-01	
701	4.000001e-02	1.587130e-01	-1.09897e-03	-4.92105e-01	
702	4.000001e-02	7.649757e-01	-6.12758e-03	-3.18139e+00	
703	4.000001e-02	-2.44318e-01	2.109588e-03	2.389152e+00	
704	4.000001e-02	1.239936e-01	-1.18413e-03	-2.09818e+00	
705	4.000001e-02	1.119143e-02	1.613832e-04	1.880094e+00	
706	4.000001e-02	5.038093e-03	-2.49467e-04	-1.79748e+00	
707	4.000001e-02	6.907166e-02	-2.61095e-04	1.707893e+00	
708	4.000001e-02	-2.03129e-02	-1.01133e-05	-1.68534e+00	
709	4.000001e-02	3.200786e-02	2.579440e-04	1.938856e+00	
710	4.000001e-02	-3.03943e-03	1.858217e-04	-1.59035e+00	
711	4.000001e-02	1.718666e-01	-8.40680e-04	1.385913e+00	
712	4.000001e-02	7.737568e-02	-7.70174e-04	-1.98228e+00	
713	4.000001e-02	2.195473e-03	3.039363e-04	1.928298e+00	
714	4.000001e-02	-6.07670e-02	7.141854e-04	-1.33308e+00	
715	4.000001e-02	3.769531e-02	1.391815e-04	2.498243e-01	
716	4.000001e-02	8.619734e-02	-2.70441e-04	-1.75801e-01	
717	4.000001e-02	8.665127e-02	-2.81966e-04	4.624829e-02	
718	4.000001e-02	7.678655e-02	-1.91550e-04	-1.11527e-01	
719	4.000001e-02	9.768973e-02	-3.80670e-04	-4.75261e-02	
720	4.000001e-02	8.668749e-02	-2.85743e-04	-1.12946e-01	
721	4.000001e-02	9.410835e-02	-3.57542e-04	-5.81381e-02	
722	4.000001e-02	8.954505e-02	-3.24281e-04	-1.19980e-01	
723	4.000001e-02	9.312860e-02	-3.73585e-04	-6.76478e-02	
724	4.000001e-02	9.391898e-02	-4.20463e-04	-1.58747e-01	
725	4.000001e-02	1.017572e-01	-5.07109e-04	-1.63552e-01	
726	4.000001e-02	1.061902e-01	-5.48370e-04	-1.85558e-01	
727	4.000001e-02	1.191107e-01	-6.68588e-04	-2.45677e-01	
728	4.000001e-02	1.699311e-01	-1.12531e-03	-4.79171e-01	
729	4.000001e-02	1.963288e-01	-1.35295e-03	-6.11198e-01	
730	4.000001e-02	3.043051e-01	-2.26891e-03	-1.15607e+00	
731	4.000001e-02	9.828687e-01	-7.82761e-03	-4.13410e+00	
732	4.000001e-02	-5.84252e-02	7.275504e-04	2.721374e+00	
733	4.000001e-02	1.965143e-02	-3.33862e-04	-2.51166e+00	
734	4.000001e-02	9.265604e-02	-4.27375e-04	2.319815e+00	
735	4.000001e-02	-4.20108e-02	1.537251e-04	-2.25492e+00	
736	4.000001e-02	1.229984e-01	-6.43729e-04	2.176509e+00	
737	4.000001e-02	-4.88343e-02	2.397359e-04	-2.17884e+00	
738	4.000001e-02	1.458852e-01	-7.94759e-04	2.084891e+00	
739	4.000001e-02	4.112214e-02	-2.14191e-04	1.456243e-02	
740	4.000001e-02	5.024005e-02	-2.78758e-04	-6.52779e-02	
741	4.000001e-02	4.629929e-02	-2.43909e-04	7.003956e-03	
742	4.000001e-02	5.412266e-02	-2.91834e-04	-6.83275e-02	
743	4.000001e-02	5.419732e-02	-2.85709e-04	-1.59108e-03	
744	4.000001e-02	6.350101e-02	-3.67263e-04	-7.60581e-02	
745	4.000001e-02	6.402398e-02	-4.48051e-04	-8.32717e-03	
746	4.000001e-02	7.422972e-02	-1.36026e-03	-8.11917e-02	
747	4.000001e-02	8.141910e-02	-8.99395e-03	-1.35417e-02	
748	4.000001e-02	9.364842e-02	-2.19490e-02	-8.37937e-02	
749	4.000001e-02	6.221392e-02	-2.48014e-02	-2.79996e-02	
750	4.000001e-02	3.715375e-02	-1.27894e-02	-1.64971e-02	

Index   time            v1#branch       v2#branch       v3#branch       
--------------------------------------------------------------------------------
751	4.000001e-02	1.364133e-02	-2.40007e-03	-5.76237e-03	
752	4.000001e-02	8.531764e-03	1.135222e-04	1.964326e-02	
753	4.000001e-02	8.983848e-03	-2.80482e-05	-2.50192e-02	
754	4.000001e-02	-8.77098e-03	-2.43749e-04	2.344515e-02	
755	4.000001e-02	8.062920e-03	-2.96696e-05	-2.37319e-02	
756	4.000001e-02	-8.78999e-03	-2.42793e-04	2.366773e-02	
757	4.000001e-02	8.085197e-03	-2.99057e-05	-2.38681e-02	
758	4.000002e-02	-8.79741e-03	-2.42069e-04	2.373473e-02	
759	4.000002e-02	8.096692e-03	-2.90042e-05	-2.39033e-02	
760	4.000003e-02	-8.78676e-03	-2.39873e-04	2.375028e-02	
761	4.000005e-02	8.125388e-03	-2.44396e-05	-2.39135e-02	
762	4.000009e-02	-8.73157e-03	-2.30434e-04	2.375420e-02	
763	4.000017e-02	8.243076e-03	-1.40858e-05	-2.39115e-02	
764	4.000033e-02	-8.49336e-03	-2.24238e-04	2.376807e-02	
765	4.000047e-02	8.414265e-03	7.498259e-05	-2.38968e-02	
766	4.000065e-02	-8.42762e-03	-1.41512e-04	2.378265e-02	
767	4.000085e-02	8.443233e-03	1.214829e-04	-2.38838e-02	
768	4.000119e-02	-8.42123e-03	-1.25473e-04	2.380196e-02	
769	4.000164e-02	8.438795e-03	1.254982e-04	-2.38580e-02	
770	4.000255e-02	-8.42966e-03	-1.25471e-04	2.382885e-02	
771	4.000437e-02	8.432227e-03	1.254672e-04	-2.38369e-02	
772	4.000799e-02	-8.43218e-03	-1.25463e-04	2.383674e-02	
773	4.001416e-02	8.432174e-03	1.254608e-04	-2.38367e-02	
774	4.002648e-02	-8.43217e-03	-1.25460e-04	2.383670e-02	
775	4.005113e-02	8.432174e-03	1.254590e-04	-2.38367e-02	
776	4.010044e-02	-8.43217e-03	-1.25459e-04	2.383670e-02	
777	4.019905e-02	8.432174e-03	1.254585e-04	-2.38367e-02	
778	4.039627e-02	-8.43217e-03	-1.25458e-04	2.383670e-02	
779	4.079070e-02	8.432175e-03	1.254584e-04	-2.38367e-02	
780	4.157957e-02	-8.43217e-03	-1.25458e-04	2.383670e-02	
781	4.257957e-02	8.432175e-03	1.254584e-04	-2.38367e-02	
782	4.357957e-02	-8.43217e-03	-1.25458e-04	2.383670e-02	
783	4.457957e-02	8.432175e-03	1.254583e-04	-2.38367e-02	
784	4.557957e-02	-8.43217e-03	-1.25458e-04	2.383670e-02	
785	4.657957e-02	8.432175e-03	1.254583e-04	-2.38367e-02	
786	4.757957e-02	-8.43217e-03	-1.25458e-04	2.383670e-02	
787	4.857957e-02	8.432175e-03	1.254583e-04	-2.38367e-02	
788	4.957957e-02	-8.43217e-03	-1.25458e-04	2.383670e-02	
789	5.057957e-02	8.432175e-03	1.254583e-04	-2.38367e-02	
790	5.157957e-02	-8.43217e-03	-1.25458e-04	2.383670e-02	
791	5.257957e-02	8.432175e-03	1.254582e-04	-2.38367e-02	
792	5.357957e-02	-8.43217e-03	-1.25458e-04	2.383670e-02	
793	5.457957e-02	8.432175e-03	1.254582e-04	-2.38367e-02	
794	5.557957e-02	-8.43217e-03	-1.25458e-04	2.383670e-02	
795	5.657957e-02	8.432175e-03	1.254582e-04	-2.38367e-02	
796	5.757957e-02	-8.43217e-03	-1.25458e-04	2.383670e-02	
797	5.857957e-02	8.432175e-03	1.254581e-04	-2.38367e-02	
798	5.957957e-02	-8.43217e-03	-1.25458e-04	2.383670e-02	
799	6.000001e-02	8.432175e-03	1.254581e-04	-2.38367e-02	
800	6.000001e-02	-1.95538e-02	5.929066e-02	-2.53548e-02	
801	6.000001e-02	-2.06893e-02	5.059684e-02	-2.51002e-02	
802	6.000001e-02	-2.30928e-02	5.360802e-02	-2.65017e-02	
803	6.000001e-02	-2.73403e-02	6.053938e-02	-2.91845e-02	
804	6.000001e-02	-3.38874e-02	7.405031e-02	-3.40643e-02	
805	6.000001e-02	-3.48521e-02	8.134294e-02	-3.53620e-02	
806	6.000001e-02	-3.52233e-02	9.937275e-02	-4.03629e-02	
807	6.000001e-02	-3.51085e-02	9.894059e-02	-4.13641e-02	
808	6.000001e-02	-3.44663e-02	1.029139e-01	-4.48536e-02	

Index   time            v1#branch       v2#branch       v3#branch       
--------------------------------------------------------------------------------
809	6.000001e-02	-3.01786e-02	1.090682e-01	-6.46483e-02	
810	6.000001e-02	-2.27184e-02	1.118107e-01	-9.50846e-02	
811	6.000001e-02	-1.86206e-02	1.128123e-01	-1.11198e-01	
812	6.000001e-02	-5.22590e-03	1.155450e-01	-1.62504e-01	
813	6.000001e-02	9.434838e-02	1.278026e-01	-5.34476e-01	
814	6.000001e-02	1.836767e-01	1.309271e-01	-8.72842e-01	
815	6.000001e-02	1.349569e+00	1.458915e-01	-5.20904e+00	
816	6.000001e-02	1.868658e-02	7.750156e-02	2.634960e+00	
817	6.000001e-02	-3.62235e-01	1.403311e-01	-2.23586e+00	
818	6.000001e-02	2.284473e-01	7.865290e-02	2.078178e+00	
819	6.000001e-02	-4.40407e-01	1.419169e-01	-1.89501e+00	
820	6.000001e-02	2.858100e-01	8.121133e-02	1.834110e+00	
821	6.000001e-02	-8.82498e-02	1.125217e-01	8.857230e-02	
822	6.000001e-02	-8.19194e-02	1.132404e-01	-4.65060e-02	
823	6.000001e-02	-7.82415e-02	1.144591e-01	7.358541e-02	
824	6.000001e-02	-7.47728e-02	1.168316e-01	-4.87863e-02	
825	6.000001e-02	-6.39481e-02	1.208726e-01	6.439704e-02	
826	6.000001e-02	-1.47292e-01	9.404062e-02	3.974160e-01	
827	6.000001e-02	1.285904e-01	1.906916e-01	-4.86670e-01	
828	6.000001e-02	-1.53473e-01	9.241580e-02	3.602578e-01	
829	6.000001e-02	1.249967e-01	1.907052e-01	-4.52966e-01	
830	6.000001e-02	-1.42560e-01	1.051990e-01	3.171070e-01	
831	6.000001e-02	-1.34757e-02	1.453994e-01	-6.27422e-02	
832	6.000001e-02	-8.16214e-04	1.552219e-01	-1.15485e-01	
833	6.000001e-02	-1.64238e-02	1.434889e-01	-4.97843e-02	
834	6.000001e-02	-4.39104e-03	1.527542e-01	-1.12510e-01	
835	6.000001e-02	-5.85124e-03	1.511909e-01	-1.00673e-01	
836	6.000001e-02	-6.18529e-03	1.506031e-01	-1.01710e-01	
837	6.000001e-02	4.116098e-03	1.563205e-01	-1.50294e-01	
838	6.000001e-02	9.804946e-03	1.589413e-01	-1.74480e-01	
839	6.000001e-02	3.455742e-02	1.704039e-01	-2.77993e-01	
840	6.000001e-02	4.300597e-02	1.741589e-01	-3.12901e-01	
841	6.000001e-02	6.923402e-02	1.848242e-01	-4.21848e-01	
842	6.000001e-02	3.315834e-01	2.834028e-01	-1.48288e+00	
843	6.000001e-02	4.933822e-01	3.159747e-01	-2.16315e+00	
844	6.000001e-02	1.268771e+00	4.380608e-01	-5.35254e+00	
845	6.000001e-02	7.851639e-01	8.372346e-02	4.050064e-01	
846	6.000001e-02	-4.17455e-01	1.992823e-01	-8.74094e-01	
847	6.000001e-02	1.276893e-01	5.344648e-02	9.764949e-01	
848	6.000001e-02	-2.66765e-01	2.060089e-01	-8.96069e-01	
849	6.000001e-02	1.092941e-01	5.315018e-02	9.153481e-01	
850	6.000001e-02	-2.47559e-01	2.081618e-01	-8.64409e-01	
851	6.000001e-02	1.324884e-01	5.690176e-02	8.489649e-01	
852	6.000001e-02	-3.72276e-01	1.516911e-01	-2.56047e-01	
853	6.000001e-02	-3.42988e-02	1.320365e-01	1.314139e-01	
854	6.000001e-02	-2.79731e-02	1.358724e-01	1.011889e-01	
855	6.000001e-02	3.713888e-02	1.928185e-01	-3.22255e-01	
856	6.000001e-02	5.063239e-04	1.601117e-01	7.870731e-02	
857	6.000001e-02	-1.76200e-02	1.464431e-01	-1.00461e-01	
858	6.000001e-02	1.812050e-02	1.750829e-01	-6.53892e-02	
859	6.000001e-02	-9.00332e-03	1.538129e-01	-6.79425e-02	
860	6.000001e-02	7.604048e-03	1.663056e-01	-6.78264e-02	
861	6.000001e-02	-3.82244e-03	1.582885e-01	-6.98288e-02	
862	6.000001e-02	4.058439e-03	1.635172e-01	-6.47640e-02	
863	6.000001e-02	-3.80831e-03	1.586077e-01	-6.90400e-02	
864	6.000001e-02	3.263882e-03	1.633558e-01	-7.25555e-02	
865	6.000001e-02	1.287389e-03	1.626682e-01	-1.19643e-01	
866	6.000001e-02	1.127821e-01	1.943392e-01	-5.16468e-01	

Index   time            v1#branch       v2#branch       v3#branch       
--------------------------------------------------------------------------------
867	6.000001e-02	-2.19619e-01	7.319785e-02	5.173796e-01	
868	6.000001e-02	-6.79267e-02	1.309197e-01	3.177391e-02	
869	6.000001e-02	-3.11540e-02	1.400538e-01	-2.88230e-02	
870	6.000001e-02	-5.19864e-02	1.364325e-01	8.967478e-03	
871	6.000001e-02	-1.92189e-02	1.457597e-01	-3.88988e-02	
872	6.000001e-02	-3.65709e-02	1.449060e-01	1.732965e-03	
873	6.000001e-02	-2.58113e-03	1.563285e-01	-4.53575e-02	
874	6.000001e-02	-1.59008e-02	1.533828e-01	-1.52711e-02	
875	6.000001e-02	-1.51419e-02	1.538846e-01	-6.06647e-03	
876	6.000001e-02	-1.57829e-02	1.535464e-01	1.478552e-03	
877	6.000001e-02	-2.66291e-02	1.454136e-01	6.338958e-02	
878	6.000001e-02	-4.87313e-04	1.645278e-01	-5.35250e-02	
879	6.000001e-02	9.632572e-01	6.956389e-01	-3.74279e+00	
880	6.000001e-02	-6.50528e-01	-2.71807e-01	3.087037e+00	
881	6.000001e-02	2.566979e-01	4.397853e-01	-2.58987e+00	
882	6.000001e-02	-2.03092e-01	-1.07685e-01	2.340501e+00	
883	6.000001e-02	4.709047e-02	3.591706e-01	-2.20971e+00	
884	6.000001e-02	-7.43113e-02	-5.49746e-02	2.097613e+00	
885	6.000001e-02	-8.68436e-02	1.214226e-01	9.691613e-02	
886	6.000001e-02	6.761782e-03	1.606881e-01	-1.00403e-01	
887	6.000001e-02	-6.18544e-02	1.327715e-01	5.624926e-02	
888	6.000001e-02	6.273675e-03	1.609960e-01	-9.71925e-02	
889	6.000001e-02	-4.77230e-02	1.403626e-01	3.429328e-02	
890	6.000001e-02	1.502645e-02	1.665448e-01	-1.09694e-01	
891	6.000001e-02	-4.04317e-02	1.452841e-01	2.477468e-02	
892	6.000001e-02	1.833013e-02	1.692777e-01	-1.11090e-01	
893	6.000001e-02	-3.60940e-02	1.484755e-01	2.084178e-02	
894	6.000001e-02	2.063088e-02	1.694821e-01	-1.12749e-01	
895	6.000001e-02	-3.44593e-02	1.349630e-01	1.987240e-02	
896	6.000001e-02	-5.34876e-03	8.450065e-02	-2.81679e-02	
897	6.000001e-02	-2.30014e-03	5.248162e-02	-2.20212e-02	
898	6.000001e-02	-1.25840e-03	3.134131e-02	-1.20315e-02	
899	6.000001e-02	1.233330e-03	1.376324e-02	-4.92846e-03	
900	6.000001e-02	6.441761e-04	1.185458e-02	-1.78059e-03	
901	6.000001e-02	1.721589e-03	1.079779e-02	-3.56425e-03	
902	6.000001e-02	1.604575e-03	7.612546e-03	-6.73965e-04	
903	6.000001e-02	2.434536e-03	4.850335e-03	-2.20179e-03	
904	6.000001e-02	1.218747e-03	1.353304e-03	5.443509e-04	
905	6.000001e-02	5.015140e-04	3.256461e-04	-2.22871e-03	
906	6.000001e-02	4.052128e-03	4.070359e-03	7.003398e-03	
907	6.000002e-02	-1.09211e-03	-1.11626e-03	-1.13158e-02	
908	6.000002e-02	2.210492e-04	2.213388e-04	1.372597e-02	
909	6.000002e-02	1.281150e-03	1.281079e-03	-1.53786e-02	
910	6.000003e-02	-1.54712e-03	-1.54804e-03	1.571391e-02	
911	6.000003e-02	2.427949e-03	2.432472e-03	-1.66944e-02	
912	6.000004e-02	-2.49468e-03	-2.49713e-03	1.656905e-02	
913	6.000004e-02	3.021476e-03	3.027126e-03	-1.72768e-02	
914	6.000005e-02	-2.98741e-03	-2.99096e-03	1.699401e-02	
915	6.000006e-02	3.323807e-03	3.329730e-03	-1.75693e-02	
916	6.000008e-02	-3.24495e-03	-3.24921e-03	1.721105e-02	
917	6.000010e-02	3.450852e-03	3.456723e-03	-1.76936e-02	
918	6.000014e-02	-3.36178e-03	-3.36651e-03	1.730579e-02	
919	6.000022e-02	3.482240e-03	3.487943e-03	-1.77129e-02	
920	6.000036e-02	-3.40873e-03	-3.41372e-03	1.737681e-02	
921	6.000061e-02	3.477847e-03	3.483491e-03	-1.76535e-02	
922	6.000102e-02	-3.43375e-03	-3.43868e-03	1.746863e-02	
923	6.000162e-02	3.461901e-03	3.467619e-03	-1.75621e-02	
924	6.000260e-02	-3.45477e-03	-3.45969e-03	1.753711e-02	

Index   time            v1#branch       v2#branch       v3#branch       
--------------------------------------------------------------------------------
925	6.000388e-02	3.458141e-03	3.463761e-03	-1.75420e-02	
926	6.000576e-02	-3.45802e-03	-3.46311e-03	1.754238e-02	
927	6.000811e-02	3.459128e-03	3.464570e-03	-1.75433e-02	
928	6.001132e-02	-3.45923e-03	-3.46446e-03	1.754369e-02	
929	6.001520e-02	3.459786e-03	3.465130e-03	-1.75442e-02	
930	6.002023e-02	-3.45990e-03	-3.46520e-03	1.754443e-02	
931	6.002677e-02	3.460205e-03	3.465515e-03	-1.75447e-02	
932	6.003617e-02	-3.46027e-03	-3.46558e-03	1.754483e-02	
933	6.005160e-02	3.460402e-03	3.465705e-03	-1.75449e-02	
934	6.007756e-02	-3.46042e-03	-3.46574e-03	1.754500e-02	
935	6.012906e-02	3.460463e-03	3.465770e-03	-1.75450e-02	
936	6.023205e-02	-3.46047e-03	-3.46578e-03	1.754504e-02	
937	6.043804e-02	3.460476e-03	3.465786e-03	-1.75451e-02	
938	6.085001e-02	-3.46048e-03	-3.46579e-03	1.754506e-02	
939	6.167395e-02	3.460480e-03	3.465791e-03	-1.75451e-02	
940	6.267395e-02	-3.46048e-03	-3.46579e-03	1.754506e-02	
941	6.367395e-02	3.460482e-03	3.465793e-03	-1.75451e-02	
942	6.467395e-02	-3.46048e-03	-3.46579e-03	1.754506e-02	
943	6.567395e-02	3.460485e-03	3.465796e-03	-1.75451e-02	
944	6.667395e-02	-3.46049e-03	-3.46580e-03	1.754506e-02	
945	6.767395e-02	3.460487e-03	3.465798e-03	-1.75451e-02	
946	6.867395e-02	-3.46049e-03	-3.46580e-03	1.754507e-02	
947	6.967395e-02	3.460490e-03	3.465801e-03	-1.75451e-02	
948	7.067395e-02	-3.46049e-03	-3.46580e-03	1.754507e-02	
949	7.167395e-02	3.460492e-03	3.465804e-03	-1.75451e-02	
950	7.267395e-02	-3.46049e-03	-3.46580e-03	1.754507e-02	
951	7.367395e-02	3.460495e-03	3.465806e-03	-1.75451e-02	
952	7.467395e-02	-3.46050e-03	-3.46581e-03	1.754508e-02	
953	7.567395e-02	3.460497e-03	3.465809e-03	-1.75451e-02	
954	7.667395e-02	-3.46050e-03	-3.46581e-03	1.754508e-02	
955	7.767395e-02	3.460500e-03	3.465811e-03	-1.75451e-02	
956	7.867395e-02	-3.46050e-03	-3.46581e-03	1.754508e-02	
957	7.967395e-02	3.460503e-03	3.465814e-03	-1.75451e-02	
958	8.000000e-02	-3.46051e-03	-3.46582e-03	1.754509e-02	
959	8.000000e-02	-2.91170e-02	-6.30045e-02	4.940108e-02	
960	8.000000e-02	-5.08898e-02	-1.63083e-01	1.670383e-01	
961	8.000000e-02	-5.74575e-02	-1.47149e-01	1.651920e-01	
962	8.000000e-02	-5.68108e-02	-1.48560e-01	1.701958e-01	
963	8.000000e-02	-5.45443e-02	-1.50321e-01	1.615067e-01	
964	8.000001e-02	-1.07401e-01	-1.31811e-01	1.931600e-01	
965	8.000001e-02	-5.34172e-02	-6.18805e-02	8.392376e-02	
966	8.000001e-02	-3.09737e-02	-2.25536e-02	3.641279e-02	
967	8.000001e-02	-3.58770e-02	-1.29589e-02	4.482693e-02	
968	8.000001e-02	-2.68954e-02	-3.34595e-03	3.075765e-02	
969	8.000001e-02	-2.36196e-02	-2.76662e-03	2.780750e-02	
970	8.000001e-02	-1.63697e-02	-1.64865e-03	1.908310e-02	
971	8.000001e-02	-9.28742e-03	-1.26723e-03	1.048616e-02	
972	8.000001e-02	-5.44758e-03	-1.61773e-03	6.310034e-03	
973	8.000001e-02	-3.01690e-03	-5.48294e-04	2.500470e-03	
974	8.000001e-02	-2.90118e-03	-1.33368e-03	2.967994e-03	
975	8.000001e-02	-1.66453e-03	-9.87649e-05	4.679234e-04	
976	8.000001e-02	-2.28114e-03	-1.06372e-03	1.890397e-03	
977	8.000001e-02	-1.26861e-03	1.935087e-04	-3.15595e-04	
978	8.000002e-02	-2.02562e-03	-8.45762e-04	1.350440e-03	
979	8.000003e-02	-1.01422e-03	4.007023e-04	-7.73765e-04	
980	8.000004e-02	-1.77671e-03	-7.04336e-04	1.071691e-03	
981	8.000005e-02	-1.12455e-03	8.093567e-04	-1.03604e-03	
982	8.000007e-02	-2.13676e-03	-3.72812e-04	1.123334e-03	

Index   time            v1#branch       v2#branch       v3#branch       
--------------------------------------------------------------------------------
983	8.000008e-02	-1.05876e-03	4.829470e-04	-4.69159e-04	
984	8.000010e-02	-1.80317e-03	-5.86491e-04	1.287223e-03	
985	8.000014e-02	-3.12535e-04	3.608102e-04	-8.13273e-04	
986	8.000017e-02	-1.04396e-03	-7.79525e-04	1.040959e-03	
987	8.000025e-02	1.304327e-04	2.687301e-04	-8.59530e-04	
988	8.000031e-02	-4.11649e-04	-3.94503e-04	6.329350e-04	
989	8.000036e-02	2.830310e-04	3.508189e-04	-6.96411e-04	
990	8.000041e-02	-3.65323e-04	-3.81152e-04	2.521470e-04	
991	8.000045e-02	3.091255e-04	3.619930e-04	-8.59125e-05	
992	8.000049e-02	-3.70801e-04	-3.84719e-04	-6.66658e-04	
993	8.000052e-02	3.183344e-04	3.659604e-04	9.523271e-04	
994	8.000056e-02	-3.94566e-04	-3.91365e-04	-1.82903e-03	
995	8.000059e-02	3.282639e-04	3.654620e-04	2.037051e-03	
996	8.000063e-02	-4.45453e-04	-3.96958e-04	-2.80935e-03	
997	8.000068e-02	3.635480e-04	3.602670e-04	2.899195e-03	
998	8.000073e-02	-5.59904e-04	-3.97816e-04	-3.49905e-03	
999	8.000080e-02	4.506095e-04	3.457742e-04	3.435373e-03	
1000	8.000089e-02	-7.26273e-04	-3.93302e-04	-3.89017e-03	
1001	8.000103e-02	5.643213e-04	3.282954e-04	3.675076e-03	
1002	8.000119e-02	-8.31180e-04	-3.82839e-04	-4.08374e-03	
1003	8.000140e-02	6.625363e-04	3.161722e-04	3.741879e-03	
1004	8.000166e-02	-8.48243e-04	-3.65219e-04	-4.18991e-03	
1005	8.000205e-02	7.215652e-04	3.172604e-04	3.766962e-03	
1006	8.000272e-02	-8.12039e-04	-3.45889e-04	-4.08963e-03	
1007	8.000405e-02	7.649247e-04	3.284512e-04	3.946483e-03	
1008	8.000645e-02	-7.84808e-04	-3.34672e-04	-3.96860e-03	
1009	8.001125e-02	7.867373e-04	3.348840e-04	3.968012e-03	
1010	8.001710e-02	-7.87904e-04	-3.34900e-04	-3.96718e-03	
1011	8.002736e-02	7.884699e-04	3.348713e-04	3.966669e-03	
1012	8.004787e-02	-7.88733e-04	-3.34849e-04	-3.96641e-03	
1013	8.008891e-02	7.888602e-04	3.348369e-04	3.966280e-03	
1014	8.017098e-02	-7.88923e-04	-3.34830e-04	-3.96622e-03	
1015	8.033513e-02	7.889538e-04	3.348268e-04	3.966183e-03	
1016	8.066343e-02	-7.88969e-04	-3.34825e-04	-3.96617e-03	
1017	8.132002e-02	7.889770e-04	3.348242e-04	3.966159e-03	
1018	8.232002e-02	-7.88982e-04	-3.34824e-04	-3.96615e-03	
1019	8.332002e-02	7.889871e-04	3.348231e-04	3.966148e-03	
1020	8.432002e-02	-7.88992e-04	-3.34822e-04	-3.96614e-03	
1021	8.532002e-02	7.889972e-04	3.348219e-04	3.966138e-03	
1022	8.632002e-02	-7.89002e-04	-3.34821e-04	-3.96613e-03	
1023	8.732002e-02	7.890073e-04	3.348207e-04	3.966127e-03	
1024	8.832002e-02	-7.89012e-04	-3.34820e-04	-3.96612e-03	
1025	8.932002e-02	7.890174e-04	3.348196e-04	3.966116e-03	
1026	9.032002e-02	-7.89022e-04	-3.34819e-04	-3.96611e-03	
1027	9.132002e-02	7.890274e-04	3.348184e-04	3.966106e-03	
1028	9.232002e-02	-7.89032e-04	-3.34818e-04	-3.96610e-03	
1029	9.332002e-02	7.890375e-04	3.348172e-04	3.966095e-03	
1030	9.432002e-02	-7.89042e-04	-3.34817e-04	-3.96609e-03	
1031	9.532002e-02	7.890475e-04	3.348160e-04	3.966085e-03	
1032	9.632002e-02	-7.89052e-04	-3.34815e-04	-3.96608e-03	
1033	9.732002e-02	7.890575e-04	3.348148e-04	3.966074e-03	
1034	9.832002e-02	-7.89062e-04	-3.34814e-04	-3.96607e-03	
1035	9.932002e-02	7.890675e-04	3.348136e-04	3.966063e-03	
1036	1.000000e-01	-7.89075e-04	-3.34813e-04	-3.96606e-03	
1037	1.000000e-01	-2.19423e-02	6.336395e-02	-2.38686e-02	
1038	1.000000e-01	-2.00397e-02	1.615313e-01	-5.09872e-02	
1039	1.000000e-01	-1.03581e-02	1.460076e-01	-4.53331e-02	
1040	1.000000e-01	-1.32042e-02	1.477782e-01	-4.37138e-02	

Index   time            v1#branch       v2#branch       v3#branch       
--------------------------------------------------------------------------------
1041	1.000000e-01	-9.43468e-03	1.373046e-01	-4.65979e-02	
1042	1.000000e-01	-1.50032e-02	8.804904e-02	-2.84782e-02	
1043	1.000000e-01	2.021520e-02	-5.56628e-02	-7.52552e-03	
1044	1.000000e-01	1.879809e-02	-5.07446e-02	-7.19477e-03	
1045	1.000000e-01	1.572655e-02	-3.69167e-02	-7.34222e-03	
1046	1.000000e-01	1.484441e-02	-3.26879e-02	-7.45532e-03	
1047	1.000000e-01	1.282137e-02	-2.36088e-02	-7.71468e-03	
1048	1.000000e-01	1.223764e-02	-2.11306e-02	-7.79185e-03	
1049	1.000000e-01	1.091599e-02	-1.56693e-02	-7.96483e-03	
1050	1.000000e-01	6.412200e-03	1.087030e-03	-8.53248e-03	
1051	1.000000e-01	-5.26841e-02	1.992138e-01	-1.11836e-02	
1052	1.000000e-01	-4.41533e-02	9.784325e-02	-1.24407e-02	
1053	1.000000e-01	-3.00584e-02	8.450151e-02	-1.24108e-02	
1054	1.000000e-01	-1.60872e-02	7.153662e-02	-1.29193e-02	
1055	1.000000e-01	3.586631e-02	-1.38510e-01	6.837130e-04	
1056	1.000000e-01	2.942143e-02	-9.64744e-02	-2.21241e-04	
1057	1.000000e-01	1.605929e-02	-2.05220e-02	-2.05406e-03	
1058	1.000000e-01	-4.20584e-02	1.258661e-01	-7.18078e-03	
1059	1.000000e-01	-1.10368e-02	3.758965e-02	-8.61362e-03	
1060	1.000000e-01	3.557663e-02	-1.08143e-01	3.360998e-03	
1061	1.000000e-01	-3.56788e-02	9.988397e-02	-4.73127e-03	
1062	1.000000e-01	3.375736e-02	-9.32652e-02	3.590389e-03	
1063	1.000000e-01	-3.33701e-02	1.025183e-01	-3.10597e-03	
1064	1.000000e-01	3.606449e-02	-9.86774e-02	4.976625e-03	
1065	1.000000e-01	-3.04038e-02	1.016227e-01	-2.62673e-03	
1066	1.000000e-01	3.631790e-02	-1.01474e-01	5.260717e-03	
1067	1.000000e-01	-3.00296e-02	1.038374e-01	-4.27421e-03	
1068	1.000000e-01	3.326665e-02	-1.03994e-01	5.142388e-03	
1069	1.000000e-01	-2.96759e-02	1.062565e-01	-5.65349e-03	
1070	1.000000e-01	3.058961e-02	-1.05725e-01	4.781023e-03	
1071	1.000000e-01	-2.93556e-02	1.052648e-01	-5.43053e-03	
1072	1.000000e-01	3.042126e-02	-1.03502e-01	4.279538e-03	
1073	1.000001e-01	-2.98207e-02	1.025503e-01	-4.87408e-03	
1074	1.000001e-01	3.041502e-02	-1.01509e-01	3.902015e-03	
1075	1.000002e-01	-2.97884e-02	1.010980e-01	-4.75828e-03	
1076	1.000002e-01	3.018279e-02	-1.00688e-01	4.185041e-03	
1077	1.000003e-01	-2.98226e-02	1.006203e-01	-4.75892e-03	
1078	1.000004e-01	3.025886e-02	-1.00532e-01	4.431674e-03	
1079	1.000005e-01	-2.99937e-02	1.004423e-01	-5.12814e-03	
1080	1.000005e-01	3.038222e-02	-1.00338e-01	4.938448e-03	
1081	1.000006e-01	-3.01283e-02	1.002312e-01	-5.75136e-03	
1082	1.000006e-01	3.052008e-02	-1.00130e-01	5.495495e-03	
1083	1.000007e-01	-3.02759e-02	1.000307e-01	-6.29806e-03	
1084	1.000008e-01	3.063311e-02	-9.99460e-02	5.973295e-03	
1085	1.000009e-01	-3.03883e-02	9.987564e-02	-6.75181e-03	
1086	1.000010e-01	3.071575e-02	-9.98149e-02	6.277229e-03	
1087	1.000011e-01	-3.05626e-02	9.977319e-02	-6.90966e-03	
1088	1.000013e-01	3.085605e-02	-9.97391e-02	6.185447e-03	
1089	1.000016e-01	-3.07161e-02	9.973331e-02	-6.93697e-03	
1090	1.000021e-01	3.093678e-02	-9.96938e-02	6.197972e-03	
1091	1.000033e-01	-3.08073e-02	9.973993e-02	-6.66667e-03	
1092	1.000047e-01	3.087629e-02	-9.97042e-02	6.431413e-03	
1093	1.000061e-01	-3.08454e-02	9.972280e-02	-6.52749e-03	
1094	1.000091e-01	3.085093e-02	-9.97170e-02	6.501879e-03	
1095	1.000126e-01	-3.08513e-02	9.971676e-02	-6.49948e-03	
1096	1.000158e-01	3.085217e-02	-9.97170e-02	6.498134e-03	
1097	1.000223e-01	-3.08522e-02	9.971721e-02	-6.49830e-03	
1098	1.000335e-01	3.085240e-02	-9.97173e-02	6.498050e-03	

Index   time            v1#branch       v2#branch       v3#branch       
--------------------------------------------------------------------------------
1099	1.000513e-01	-3.08524e-02	9.971736e-02	-6.49817e-03	
1100	1.000869e-01	3.085242e-02	-9.97174e-02	6.498038e-03	
1101	1.001581e-01	-3.08524e-02	9.971740e-02	-6.49812e-03	
1102	1.003006e-01	3.085243e-02	-9.97174e-02	6.498012e-03	
1103	1.005855e-01	-3.08524e-02	9.971741e-02	-6.49814e-03	
1104	1.011554e-01	3.085243e-02	-9.97174e-02	6.498016e-03	
1105	1.021554e-01	-3.08524e-02	9.971741e-02	-6.49814e-03	
1106	1.031554e-01	3.085243e-02	-9.97174e-02	6.498018e-03	
1107	1.041554e-01	-3.08524e-02	9.971741e-02	-6.49814e-03	
1108	1.051554e-01	3.085243e-02	-9.97174e-02	6.498020e-03	
1109	1.061554e-01	-3.08524e-02	9.971741e-02	-6.49814e-03	
1110	1.071554e-01	3.085243e-02	-9.97174e-02	6.498021e-03	
1111	1.081554e-01	-3.08524e-02	9.971742e-02	-6.49815e-03	
1112	1.091554e-01	3.085243e-02	-9.97174e-02	6.498022e-03	
1113	1.101554e-01	-3.08524e-02	9.971742e-02	-6.49815e-03	
1114	1.111554e-01	3.085243e-02	-9.97174e-02	6.498023e-03	
1115	1.121554e-01	-3.08524e-02	9.971742e-02	-6.49815e-03	
1116	1.131554e-01	3.085243e-02	-9.97174e-02	6.498025e-03	
1117	1.141554e-01	-3.08524e-02	9.971742e-02	-6.49815e-03	
1118	1.151554e-01	3.085243e-02	-9.97174e-02	6.498026e-03	
1119	1.161554e-01	-3.08524e-02	9.971742e-02	-6.49815e-03	
1120	1.171554e-01	3.085243e-02	-9.97174e-02	6.498027e-03	
1121	1.181554e-01	-3.08524e-02	9.971743e-02	-6.49815e-03	
1122	1.191554e-01	3.085243e-02	-9.97174e-02	6.498028e-03	
1123	1.200000e-01	-3.08524e-02	9.971743e-02	-6.49815e-03	
1124	1.200000e-01	6.675608e-03	-6.70595e-02	2.950975e-02	
1125	1.200000e-01	5.298667e-02	-1.56814e-01	5.006964e-02	
1126	1.200000e-01	4.301265e-02	-1.54126e-01	6.974831e-02	
1127	1.200000e-01	2.901012e-02	-1.43596e-01	7.150454e-02	
1128	1.200000e-01	1.816054e-02	-1.54949e-01	9.521690e-02	
1129	1.200000e-01	3.741271e-03	-1.42729e-01	9.914304e-02	
1130	1.200000e-01	3.327772e-03	-1.42451e-01	9.962188e-02	
1131	1.200000e-01	3.913412e-02	-6.46549e-02	4.994405e-03	
1132	1.200000e-01	5.481128e-02	-2.75951e-02	-3.31463e-02	
1133	1.200000e-01	5.086173e-02	-1.57000e-02	-3.20191e-02	
1134	1.200000e-01	4.869287e-02	-1.28236e-02	-3.10644e-02	
1135	1.200000e-01	5.222074e-02	-1.63192e-02	-2.85142e-02	
1136	1.200000e-01	6.572334e-02	-2.19039e-02	-3.31982e-02	
1137	1.200000e-01	6.465896e-02	-2.46754e-02	-2.78900e-02	
1138	1.200000e-01	6.302509e-02	-2.00195e-02	-2.56405e-02	
1139	1.200000e-01	6.287619e-02	2.628226e-02	-7.33237e-02	
1140	1.200000e-01	6.276040e-02	-4.93820e-02	3.209747e-03	
1141	1.200000e-01	6.250848e-02	4.912235e-02	-9.53202e-02	
1142	1.200000e-01	6.254863e-02	-5.95402e-02	1.337828e-02	
1143	1.200000e-01	6.229004e-02	5.430832e-02	-1.00243e-01	
1144	1.200000e-01	6.226971e-02	-6.16023e-02	1.566617e-02	
1145	1.200000e-01	6.194536e-02	5.575316e-02	-1.01371e-01	
1146	1.200000e-01	6.174384e-02	-6.13610e-02	1.589749e-02	
1147	1.200000e-01	6.120423e-02	5.705706e-02	-1.01999e-01	
1148	1.200000e-01	6.068072e-02	-5.92962e-02	1.485350e-02	
1149	1.200000e-01	6.617929e-02	-2.73244e-04	-5.52612e-02	
1150	1.200000e-01	7.787185e-02	-2.88773e-04	-8.81992e-02	
1151	1.200000e-01	7.285594e-02	-3.09072e-04	-8.20304e-02	
1152	1.200000e-01	7.590593e-02	-3.53272e-04	-1.02858e-01	
1153	1.200000e-01	7.753369e-02	-3.75347e-04	-1.11911e-01	
1154	1.200000e-01	8.894705e-02	-4.89266e-04	-1.67489e-01	
1155	1.200000e-01	9.338681e-02	-5.31629e-04	-1.88024e-01	
1156	1.200000e-01	1.096193e-01	-6.77602e-04	-2.63931e-01	

Index   time            v1#branch       v2#branch       v3#branch       
--------------------------------------------------------------------------------
1157	1.200000e-01	2.149824e-01	-1.58425e-03	-7.43851e-01	
1158	1.200000e-01	5.461023e-01	-4.27736e-03	-1.95372e+00	
1159	1.200000e-01	-2.62152e-01	2.075217e-03	1.596479e+00	
1160	1.200000e-01	1.951942e-01	-1.60863e-03	-1.44240e+00	
1161	1.200000e-01	-8.33234e-02	7.407616e-04	1.316149e+00	
1162	1.200000e-01	1.035069e-01	-8.85937e-04	-1.28081e+00	
1163	1.200000e-01	-3.08734e-02	3.757407e-04	1.220014e+00	
1164	1.200000e-01	8.601024e-02	-6.98528e-04	-1.22791e+00	
1165	1.200000e-01	-2.06075e-02	4.450272e-04	1.271599e+00	
1166	1.200000e-01	1.320719e-01	-9.65742e-04	-1.36113e+00	
1167	1.200000e-01	-1.95077e-03	2.418386e-04	2.279724e-01	
1168	1.200000e-01	1.269906e-01	-8.13572e-04	-3.67758e-01	
1169	1.200000e-01	-7.83945e-02	9.126749e-04	6.221253e-01	
1170	1.200000e-01	2.505938e-01	-1.82134e-03	-9.63409e-01	
1171	1.200000e-01	1.288722e-01	-9.12613e-04	-6.54786e-02	
1172	1.200000e-01	-3.90657e-02	3.628118e-04	1.560383e-02	
1173	1.200000e-01	1.078715e-01	-7.24502e-04	-4.20484e-02	
1174	1.200000e-01	-1.41495e-02	1.922202e-04	-1.26345e-02	
1175	1.200000e-01	1.032563e-01	-6.61428e-04	-3.79487e-02	
1176	1.200000e-01	4.581342e-04	1.094608e-04	-2.71128e-02	
1177	1.200000e-01	1.109565e-01	-7.00984e-04	-4.64385e-02	
1178	1.200000e-01	1.129471e-02	1.861145e-05	-3.52645e-02	
1179	1.200000e-01	1.178557e-01	-8.92402e-04	-5.02517e-02	
1180	1.200000e-01	2.326274e-02	-1.42176e-03	-4.07522e-02	
1181	1.200000e-01	1.358981e-01	-1.18572e-02	-5.46875e-02	
1182	1.200000e-01	4.117783e-02	-2.14921e-02	-4.29535e-02	
1183	1.200000e-01	6.023726e-02	-2.37115e-02	-2.71103e-02	
1184	1.200000e-01	3.408869e-02	-1.11251e-02	-1.52998e-02	
1185	1.200000e-01	1.059460e-02	-1.42102e-03	-3.79100e-03	
1186	1.200000e-01	7.713304e-03	3.499375e-05	1.613637e-02	
1187	1.200000e-01	6.257002e-03	-2.83798e-05	-2.03451e-02	
1188	1.200000e-01	-7.02632e-03	-2.58353e-04	1.930382e-02	
1189	1.200000e-01	6.378402e-03	-1.24039e-05	-1.94741e-02	
1190	1.200000e-01	-7.10902e-03	-2.60378e-04	1.937564e-02	
1191	1.200000e-01	6.408770e-03	-1.20422e-05	-1.95658e-02	
1192	1.200000e-01	-7.11554e-03	-2.59695e-04	1.942331e-02	
1193	1.200000e-01	6.420535e-03	-1.09361e-05	-1.95917e-02	
1194	1.200000e-01	-7.10292e-03	-2.57178e-04	1.943384e-02	
1195	1.200001e-01	6.452421e-03	-5.64109e-06	-1.95998e-02	
1196	1.200001e-01	-7.04032e-03	-2.46538e-04	1.943688e-02	
1197	1.200002e-01	6.589978e-03	1.506727e-06	-1.95958e-02	
1198	1.200004e-01	-6.79008e-03	-2.26156e-04	1.945271e-02	
1199	1.200005e-01	6.741856e-03	1.108636e-04	-1.95794e-02	
1200	1.200007e-01	-6.74228e-03	-1.57673e-04	1.946721e-02	
1201	1.200009e-01	6.761851e-03	1.446267e-04	-1.95656e-02	
1202	1.200013e-01	-6.73988e-03	-1.46576e-04	1.948898e-02	
1203	1.200019e-01	6.755288e-03	1.467027e-04	-1.95378e-02	
1204	1.200029e-01	-6.74813e-03	-1.46700e-04	1.951489e-02	
1205	1.200049e-01	6.749826e-03	1.467009e-04	-1.95202e-02	
1206	1.200089e-01	-6.74987e-03	-1.46700e-04	1.952030e-02	
1207	1.200160e-01	6.749887e-03	1.466986e-04	-1.95203e-02	
1208	1.200301e-01	-6.74989e-03	-1.46698e-04	1.952033e-02	
1209	1.200584e-01	6.749897e-03	1.466977e-04	-1.95203e-02	
1210	1.201150e-01	-6.74990e-03	-1.46698e-04	1.952034e-02	
1211	1.202282e-01	6.749899e-03	1.466975e-04	-1.95203e-02	
1212	1.204547e-01	-6.74990e-03	-1.46697e-04	1.952034e-02	
1213	1.209076e-01	6.749899e-03	1.466974e-04	-1.95203e-02	
1214	1.218134e-01	-6.74990e-03	-1.46697e-04	1.952034e-02	

Index   time            v1#branch       v2#branch       v3#branch       
--------------------------------------------------------------------------------
1215	1.228134e-01	6.749899e-03	1.466974e-04	-1.95203e-02	
1216	1.238134e-01	-6.74990e-03	-1.46697e-04	1.952034e-02	
1217	1.248134e-01	6.749899e-03	1.466974e-04	-1.95203e-02	
1218	1.258134e-01	-6.74990e-03	-1.46697e-04	1.952034e-02	
1219	1.268134e-01	6.749900e-03	1.466974e-04	-1.95203e-02	
1220	1.278134e-01	-6.74990e-03	-1.46697e-04	1.952034e-02	
1221	1.288134e-01	6.749900e-03	1.466974e-04	-1.95203e-02	
1222	1.298134e-01	-6.74990e-03	-1.46697e-04	1.952034e-02	
1223	1.308134e-01	6.749900e-03	1.466973e-04	-1.95203e-02	
1224	1.318134e-01	-6.74990e-03	-1.46697e-04	1.952034e-02	
1225	1.328134e-01	6.749900e-03	1.466973e-04	-1.95203e-02	
1226	1.338134e-01	-6.74990e-03	-1.46697e-04	1.952034e-02	
1227	1.348134e-01	6.749900e-03	1.466973e-04	-1.95203e-02	
1228	1.358134e-01	-6.74990e-03	-1.46697e-04	1.952034e-02	
1229	1.368134e-01	6.749900e-03	1.466973e-04	-1.95203e-02	
1230	1.378134e-01	-6.74990e-03	-1.46697e-04	1.952035e-02	
1231	1.388134e-01	6.749901e-03	1.466973e-04	-1.95203e-02	
1232	1.398134e-01	-6.74990e-03	-1.46697e-04	1.952035e-02	
1233	1.400000e-01	6.749901e-03	1.466972e-04	-1.95203e-02	
1234	1.400000e-01	-1.95561e-02	5.929749e-02	-2.53608e-02	
1235	1.400000e-01	-2.06880e-02	5.060047e-02	-2.51038e-02	
1236	1.400000e-01	-2.30885e-02	5.360872e-02	-2.65097e-02	
1237	1.400000e-01	-2.73334e-02	6.053300e-02	-2.91893e-02	
1238	1.400000e-01	-3.38773e-02	7.399858e-02	-3.40704e-02	
1239	1.400000e-01	-3.48464e-02	8.126480e-02	-3.53684e-02	
1240	1.400000e-01	-3.52262e-02	9.927420e-02	-4.03803e-02	
1241	1.400000e-01	-3.50248e-02	1.000024e-01	-4.21872e-02	
1242	1.400000e-01	-3.27298e-02	1.074553e-01	-5.32976e-02	
1243	1.400000e-01	-3.11321e-02	1.081965e-01	-6.03300e-02	
1244	1.400000e-01	-1.62354e-02	1.140227e-01	-1.20277e-01	
1245	1.400000e-01	6.331366e-03	1.178187e-01	-2.06519e-01	
1246	1.400000e-01	7.862048e-01	1.378233e-01	-2.65218e+00	
1247	1.400000e-01	-5.64503e-01	8.027665e-02	2.165132e+00	
1248	1.400000e-01	1.714739e-01	1.395035e-01	-1.81497e+00	
1249	1.400000e-01	-1.85937e-01	8.341639e-02	1.608013e+00	
1250	1.400000e-01	-4.85771e-02	1.423248e-01	-1.44462e+00	
1251	1.400000e-01	-1.71660e-01	8.728306e-02	1.722450e+00	
1252	1.400000e-01	1.946196e-01	1.253771e-01	-8.73708e-01	
1253	1.400000e-01	-2.29159e-02	1.142857e-01	1.567930e-01	
1254	1.400000e-01	-1.18738e-01	1.233196e-01	-1.38924e-01	
1255	1.400000e-01	-2.15466e-02	1.168790e-01	1.481398e-01	
1256	1.400000e-01	-1.15867e-01	1.263854e-01	-1.14609e-01	
1257	1.400000e-01	-5.53309e-02	1.230492e-01	-2.59904e-02	
1258	1.400000e-01	-6.94977e-02	1.234308e-01	3.959062e-02	
1259	1.400000e-01	-7.35158e-02	1.233666e-01	4.162529e-02	
1260	1.400000e-01	-8.96802e-02	1.230184e-01	9.563211e-02	
1261	1.400000e-01	-1.00752e-01	1.227023e-01	1.359425e-01	
1262	1.400000e-01	-1.48572e-01	1.210338e-01	3.179041e-01	
1263	1.400000e-01	-1.85773e+00	-1.82431e-01	7.042059e+00	
1264	1.400000e-01	1.197603e+00	7.913071e-02	-5.20055e+00	
1265	1.400000e-01	-1.32100e+00	1.252037e-01	4.979850e+00	
1266	1.400000e-01	1.202838e+00	7.632328e-02	-3.84071e+00	
1267	1.400000e-01	-1.24764e+00	1.822615e-01	4.254849e+00	
1268	1.400000e-01	1.297743e+00	1.554948e-01	-4.36783e+00	
1269	1.400000e-01	-1.30113e+00	1.394581e-01	4.280379e+00	
1270	1.400000e-01	1.276818e+00	1.391916e-01	-4.37249e+00	
1271	1.400000e-01	-1.30937e+00	1.333471e-01	4.280327e+00	
1272	1.400000e-01	1.276370e+00	1.395292e-01	-4.37200e+00	

Index   time            v1#branch       v2#branch       v3#branch       
--------------------------------------------------------------------------------
1273	1.400000e-01	-1.30992e+00	1.342716e-01	4.281702e+00	
1274	1.400000e-01	1.290310e+00	1.545516e-01	-4.39807e+00	
1275	1.400000e-01	-1.31061e+00	1.390444e-01	4.265896e+00	
1276	1.400000e-01	-9.72160e-03	1.488251e-01	-7.86889e-02	
1277	1.400000e-01	-4.50515e-03	1.520744e-01	-1.09547e-01	
1278	1.400000e-01	-7.74010e-04	1.539528e-01	-1.26844e-01	
1279	1.400000e-01	3.471314e-02	1.716459e-01	-2.78463e-01	
1280	1.400000e-01	5.569189e-02	1.803625e-01	-3.66196e-01	
1281	1.400000e-01	1.650962e-01	2.236279e-01	-8.15316e-01	
1282	1.400000e-01	1.360838e+00	4.468492e-01	-4.95500e+00	
1283	1.400000e-01	-2.42415e-01	-1.05604e-01	3.166457e+00	
1284	1.400000e-01	-1.81916e-01	3.530142e-01	-2.70271e+00	
1285	1.400000e-01	1.591090e-01	-8.71613e-02	2.477795e+00	
1286	1.400000e-01	-3.58976e-01	3.442527e-01	-2.30717e+00	
1287	1.400000e-01	2.508932e-01	-8.10520e-02	2.234444e+00	
1288	1.400000e-01	-8.44512e-02	1.298745e-01	8.544288e-02	
1289	1.400000e-01	-5.62333e-02	1.318607e-01	-5.27548e-02	
1290	1.400000e-01	-6.86301e-02	1.316256e-01	6.508301e-02	
1291	1.400000e-01	-5.05927e-02	1.333693e-01	-5.51626e-02	
1292	1.400000e-01	-5.20346e-02	1.354130e-01	4.882361e-02	
1293	1.400000e-01	-4.65275e-02	1.359683e-01	-5.64713e-03	
1294	1.400000e-01	-4.36605e-02	1.367534e-01	-6.36860e-03	
1295	1.400000e-01	-4.45378e-02	1.367774e-01	-2.39399e-03	
1296	1.400000e-01	-4.52786e-02	1.365919e-01	7.841609e-04	
1297	1.400000e-01	-4.82506e-02	1.359174e-01	1.180837e-02	
1298	1.400000e-01	-4.96096e-02	1.356263e-01	1.646672e-02	
1299	1.400000e-01	-5.34224e-02	1.347071e-01	3.033970e-02	
1300	1.400000e-01	-8.71190e-02	1.265333e-01	1.525934e-01	
1301	1.400000e-01	-1.41377e+00	-6.27378e-01	5.461610e+00	
1302	1.400000e-01	1.402659e+00	9.374706e-01	-6.72261e+00	
1303	1.400000e-01	-1.14368e+00	-4.08162e-01	6.915240e+00	
1304	1.400000e-01	8.786781e-01	5.119308e-01	-6.49345e+00	
1305	1.400000e-01	-7.02145e-01	-4.18954e-02	6.719217e+00	
1306	1.400000e-01	3.395109e-01	5.484722e-02	-6.06170e+00	
1307	1.400000e-01	-2.09556e-01	3.790154e-01	5.657016e+00	
1308	1.400000e-01	2.153964e-01	-5.28534e-02	-5.78338e+00	
1309	1.400000e-01	-1.99923e-01	3.873844e-01	5.628547e+00	
1310	1.400000e-01	2.139988e-01	-5.39385e-02	-5.77885e+00	
1311	1.400000e-01	-2.00922e-01	3.866781e-01	5.629165e+00	
1312	1.400000e-01	2.119834e-01	-5.53426e-02	-5.77579e+00	
1313	1.400000e-01	-2.04708e-01	3.840798e-01	5.634339e+00	
1314	1.400000e-01	2.162731e-01	-5.15743e-02	-5.82519e+00	
1315	1.400000e-01	8.409675e-03	1.679192e-01	-1.20585e-01	
1316	1.400000e-01	2.110537e-02	1.755853e-01	-1.84947e-01	
1317	1.400000e-01	2.799052e-02	1.794411e-01	-2.14788e-01	
1318	1.400000e-01	5.832781e-02	1.968516e-01	-3.46909e-01	
1319	1.400000e-01	6.883375e-02	2.027825e-01	-3.92068e-01	
1320	1.400000e-01	1.014705e-01	2.200876e-01	-5.33690e-01	
1321	1.400000e-01	4.164479e-01	3.799598e-01	-1.86787e+00	
1322	1.400000e-01	1.099786e+00	4.699563e-01	-3.31960e+00	
1323	1.400000e-01	-5.39301e-01	-7.80841e-02	2.385104e+00	
1324	1.400000e-01	1.616474e-01	2.981985e-01	-2.00394e+00	
1325	1.400000e-01	-1.60950e-01	-1.04986e-02	1.839721e+00	
1326	1.400000e-01	-1.66357e-02	2.635761e-01	-1.72225e+00	
1327	1.400000e-01	-7.24299e-02	8.842589e-03	1.693443e+00	
1328	1.400000e-01	-4.11442e-02	2.584363e-01	-1.65363e+00	
1329	1.400000e-01	-4.38459e-02	1.819208e-02	1.690377e+00	
1330	1.400000e-01	1.513547e-02	2.837615e-01	-1.81668e+00	

Index   time            v1#branch       v2#branch       v3#branch       
--------------------------------------------------------------------------------
1331	1.400000e-01	-3.86893e-02	1.950738e-02	1.667060e+00	
1332	1.400000e-01	-1.39825e-01	2.021018e-01	-1.17842e+00	
1333	1.400000e-01	1.558032e-01	1.395152e-01	1.115131e+00	
1334	1.400000e-01	-1.25060e-01	2.146098e-01	-1.28229e+00	
1335	1.400000e-01	1.623956e-01	1.442405e-01	1.037868e+00	
1336	1.400000e-01	5.824365e-02	2.103804e-01	-2.52778e-01	
1337	1.400000e-01	3.814762e-02	1.938750e-01	-2.17033e-01	
1338	1.400000e-01	3.028514e-02	1.877180e-01	-1.63775e-01	
1339	1.400000e-01	3.306041e-02	1.888686e-01	-2.11631e-01	
1340	1.400000e-01	1.387938e-01	2.620640e-01	-6.69777e-01	
1341	1.400000e-01	2.751342e-01	3.432231e-01	-1.28052e+00	
1342	1.400000e-01	1.723933e+00	1.018018e+00	-6.78275e+00	
1343	1.400000e-01	-5.33123e-01	-2.90925e-01	4.647908e+00	
1344	1.400000e-01	-1.60851e-01	3.726760e-01	-3.66275e+00	
1345	1.400000e-01	1.938449e-01	-5.85705e-02	3.391331e+00	
1346	1.400000e-01	-3.87097e-01	2.962795e-01	-3.17406e+00	
1347	1.400000e-01	3.149084e-01	-1.61729e-02	3.100591e+00	
1348	1.400000e-01	-4.35459e-01	2.787933e-01	-3.00654e+00	
1349	1.400000e-01	3.145317e-01	-2.12332e-02	3.218737e+00	
1350	1.400000e-01	-3.50757e-01	3.240817e-01	-3.16585e+00	
1351	1.400000e-01	-1.85555e-02	1.507529e-01	6.178118e-02	
1352	1.400000e-01	2.704636e-02	1.865963e-01	-1.31385e-01	
1353	1.400000e-01	1.287347e-02	1.755540e-01	-5.92663e-02	
1354	1.400000e-01	6.793680e-04	1.658813e-01	-2.24864e-02	
1355	1.400000e-01	3.554737e-02	1.933311e-01	-1.92851e-01	
1356	1.400000e-01	4.460164e-02	2.001871e-01	-2.34719e-01	
1357	1.400000e-01	6.237777e-02	2.134282e-01	-3.14415e-01	
1358	1.400000e-01	1.310938e-01	2.630436e-01	-6.24642e-01	
1359	1.400000e-01	1.830977e-01	2.966373e-01	-8.62795e-01	
1360	1.400000e-01	5.514993e-01	5.187473e-01	-2.48939e+00	
1361	1.400000e-01	1.044205e+00	6.005024e-01	-2.81704e+00	
1362	1.400000e-01	-6.24741e-01	-1.37457e-01	2.038753e+00	
1363	1.400000e-01	2.732753e-01	3.129446e-01	-1.65246e+00	
1364	1.400000e-01	-2.80353e-01	-8.48249e-03	1.521667e+00	
1365	1.400000e-01	1.273952e-01	2.566180e-01	-1.42468e+00	
1366	1.400000e-01	-1.96373e-01	2.622036e-02	1.391224e+00	
1367	1.400000e-01	1.115991e-01	2.510397e-01	-1.38864e+00	
1368	1.400000e-01	-1.55784e-01	4.700929e-02	1.323499e+00	
1369	1.400000e-01	1.141757e-01	2.541137e-01	-1.38233e+00	
1370	1.400000e-01	-1.53751e-01	5.049167e-02	1.443451e+00	
1371	1.400000e-01	1.825961e-01	3.050639e-01	-1.58320e+00	
1372	1.400000e-01	1.434778e-01	2.758757e-01	-5.87738e-01	
1373	1.400000e-01	1.594915e-01	2.862721e-01	-6.97611e-01	
1374	1.400000e-01	2.298028e-01	3.314695e-01	-1.02627e+00	
1375	1.400000e-01	2.152504e+00	1.425321e+00	-8.42430e+00	
1376	1.400000e-01	-4.29820e-01	-3.29664e-01	5.257792e+00	
1377	1.400000e-01	-3.38008e-01	3.109106e-01	-4.10595e+00	
1378	1.400000e-01	3.647859e-01	9.238874e-03	3.839099e+00	
1379	1.400000e-01	-5.93791e-01	1.988266e-01	-3.54743e+00	
1380	1.400000e-01	5.120039e-01	7.522573e-02	3.489959e+00	
1381	1.400000e-01	-6.38176e-01	1.790371e-01	-3.39232e+00	
1382	1.400000e-01	-4.74399e-03	1.560627e-01	-1.19866e-01	
1383	1.400000e-01	-7.06260e-02	1.235591e-01	1.038707e-01	
1384	1.400000e-01	-6.10679e-03	1.559591e-01	-1.13667e-01	
1385	1.400000e-01	-5.05989e-02	1.349954e-01	7.383888e-02	
1386	1.400000e-01	9.238099e-03	1.657944e-01	-1.34888e-01	
1387	1.400000e-01	-3.56055e-02	1.450329e-01	5.044544e-02	
1388	1.400000e-01	1.382063e-02	1.694333e-01	-1.37897e-01	

Index   time            v1#branch       v2#branch       v3#branch       
--------------------------------------------------------------------------------
1389	1.400000e-01	-3.19217e-02	1.477268e-01	4.763769e-02	
1390	1.400000e-01	1.618490e-02	1.697885e-01	-1.39277e-01	
1391	1.400000e-01	-3.01193e-02	1.349735e-01	4.647730e-02	
1392	1.400000e-01	-5.00977e-03	8.043875e-02	-2.73875e-02	
1393	1.400000e-01	-1.87590e-03	4.647084e-02	-1.97982e-02	
1394	1.400000e-01	-6.26576e-04	2.571495e-02	-9.52009e-03	
1395	1.400000e-01	1.595553e-03	1.007530e-02	-2.65082e-03	
1396	1.400000e-01	1.874164e-03	4.617166e-03	-1.43688e-03	
1397	1.400000e-01	1.294856e-03	1.352621e-03	-7.10120e-04	
1398	1.400000e-01	4.884902e-03	4.597281e-03	7.132006e-03	
1399	1.400000e-01	5.171623e-03	5.102433e-03	-4.85293e-03	
1400	1.400000e-01	4.347066e-03	4.275893e-03	-4.14089e-03	
1401	1.400000e-01	6.027288e-03	5.990527e-03	-2.16932e-02	
1402	1.400000e-01	-4.49607e-03	-4.57514e-03	8.823613e-03	
1403	1.400000e-01	8.443226e-04	8.338456e-04	-1.89495e-02	
1404	1.400000e-01	-6.84120e-03	-6.89437e-03	1.616132e-02	
1405	1.400000e-01	1.033635e-02	1.032123e-02	-3.78746e-03	
1406	1.400000e-01	7.499941e-03	7.494354e-03	-7.05276e-03	
1407	1.400000e-01	1.691095e-03	1.679985e-03	-2.24226e-03	
1408	1.400000e-01	1.639349e-05	7.372011e-06	-2.86789e-04	
1409	1.400000e-01	4.609730e-04	4.538720e-04	1.868753e-04	
1410	1.400000e-01	3.448928e-04	3.428981e-04	-8.73293e-04	
1411	1.400000e-01	1.217923e-04	1.193295e-04	4.368308e-04	
1412	1.400000e-01	3.349514e-04	3.375992e-04	-9.29337e-04	
1413	1.400000e-01	2.110336e-07	7.535027e-08	4.684473e-04	
1414	1.400000e-01	2.628948e-04	2.657907e-04	-9.31027e-04	
1415	1.400001e-01	-7.41880e-05	-7.50134e-05	4.845079e-04	
1416	1.400001e-01	2.189911e-04	2.212685e-04	-9.17807e-04	
1417	1.400002e-01	-1.08299e-04	-1.09519e-04	5.123686e-04	
1418	1.400003e-01	1.982455e-04	2.002488e-04	-8.78351e-04	
1419	1.400005e-01	-1.26344e-04	-1.27680e-04	5.708136e-04	
1420	1.400007e-01	1.837538e-04	1.857703e-04	-8.10624e-04	
1421	1.400011e-01	-1.41587e-04	-1.42884e-04	6.482503e-04	
1422	1.400017e-01	1.645829e-04	1.666587e-04	-7.28037e-04	
1423	1.400023e-01	-1.55222e-04	-1.56508e-04	6.981937e-04	
1424	1.400033e-01	1.591024e-04	1.611285e-04	-7.07053e-04	
1425	1.400049e-01	-1.57874e-04	-1.59291e-04	7.057602e-04	
1426	1.400073e-01	1.585541e-04	1.603904e-04	-7.06086e-04	
1427	1.400101e-01	-1.58217e-04	-1.59804e-04	7.059360e-04	
1428	1.400137e-01	1.584931e-04	1.602174e-04	-7.06050e-04	
1429	1.400181e-01	-1.58347e-04	-1.60006e-04	7.060116e-04	
1430	1.400239e-01	1.584881e-04	1.601705e-04	-7.06063e-04	
1431	1.400306e-01	-1.58414e-04	-1.60096e-04	7.060514e-04	
1432	1.400388e-01	1.584948e-04	1.601661e-04	-7.06079e-04	
1433	1.400487e-01	-1.58454e-04	-1.60139e-04	7.060755e-04	
1434	1.400614e-01	1.585010e-04	1.601719e-04	-7.06091e-04	
1435	1.400768e-01	-1.58478e-04	-1.60162e-04	7.060902e-04	
1436	1.400966e-01	1.585057e-04	1.601784e-04	-7.06100e-04	
1437	1.401288e-01	-1.58492e-04	-1.60174e-04	7.060986e-04	
1438	1.401813e-01	1.585056e-04	1.601806e-04	-7.06103e-04	
1439	1.402790e-01	-1.58499e-04	-1.60179e-04	7.061020e-04	
1440	1.404746e-01	1.585040e-04	1.601808e-04	-7.06104e-04	
1441	1.408656e-01	-1.58502e-04	-1.60180e-04	7.061031e-04	
1442	1.416476e-01	1.585032e-04	1.601808e-04	-7.06104e-04	
1443	1.426476e-01	-1.58503e-04	-1.60181e-04	7.061034e-04	
1444	1.436476e-01	1.585032e-04	1.601809e-04	-7.06104e-04	
1445	1.446476e-01	-1.58503e-04	-1.60181e-04	7.061036e-04	
1446	1.456476e-01	1.585033e-04	1.601811e-04	-7.06104e-04	

Index   time            v1#branch       v2#branch       v3#branch       
--------------------------------------------------------------------------------
1447	1.466476e-01	-1.58503e-04	-1.60181e-04	7.061038e-04	
1448	1.476476e-01	1.585035e-04	1.601813e-04	-7.06104e-04	
1449	1.486476e-01	-1.58503e-04	-1.60181e-04	7.061040e-04	
1450	1.496476e-01	1.585037e-04	1.601815e-04	-7.06104e-04	
1451	1.506476e-01	-1.58504e-04	-1.60182e-04	7.061042e-04	
1452	1.516476e-01	1.585039e-04	1.601817e-04	-7.06104e-04	
1453	1.526476e-01	-1.58504e-04	-1.60182e-04	7.061044e-04	
1454	1.536476e-01	1.585040e-04	1.601819e-04	-7.06105e-04	
1455	1.546476e-01	-1.58504e-04	-1.60182e-04	7.061045e-04	
1456	1.556476e-01	1.585042e-04	1.601821e-04	-7.06105e-04	
1457	1.566476e-01	-1.58504e-04	-1.60182e-04	7.061047e-04	
1458	1.576476e-01	1.585044e-04	1.601823e-04	-7.06105e-04	
1459	1.586476e-01	-1.58504e-04	-1.60182e-04	7.061049e-04	
1460	1.596476e-01	1.585046e-04	1.601825e-04	-7.06105e-04	
1461	1.600000e-01	-1.58505e-04	-1.60183e-04	7.061052e-04	
