        * c:\users\lenovo\esim-workspace\or_with_nansd\or_with_nansd.cir
        Transient Analysis  Fri Feb 28 19:16:20  2025
--------------------------------------------------------------------------------
Index   time            a3#branch_1_0   v1#branch       
--------------------------------------------------------------------------------
0	0.000000e+00	0.000000e+00	0.000000e+00	
1	5.000000e-11	0.000000e+00	0.000000e+00	
2	1.000000e-10	0.000000e+00	0.000000e+00	
3	2.000000e-10	0.000000e+00	0.000000e+00	
4	4.000000e-10	0.000000e+00	0.000000e+00	
5	8.000000e-10	0.000000e+00	0.000000e+00	
6	1.600000e-09	0.000000e+00	0.000000e+00	
7	3.200000e-09	0.000000e+00	0.000000e+00	
8	3.600000e-09	0.000000e+00	0.000000e+00	
9	3.690000e-09	0.000000e+00	0.000000e+00	
10	3.870000e-09	0.000000e+00	0.000000e+00	
11	4.230000e-09	0.000000e+00	0.000000e+00	
12	4.500000e-09	0.000000e+00	0.000000e+00	
13	4.550000e-09	0.000000e+00	0.000000e+00	
14	4.650000e-09	0.000000e+00	0.000000e+00	
15	4.850000e-09	0.000000e+00	0.000000e+00	
16	5.000000e-09	0.000000e+00	0.000000e+00	
17	5.040000e-09	0.000000e+00	0.000000e+00	
18	5.120000e-09	0.000000e+00	0.000000e+00	
19	5.200000e-09	0.000000e+00	0.000000e+00	
20	5.210000e-09	0.000000e+00	0.000000e+00	
21	5.230000e-09	0.000000e+00	0.000000e+00	
22	5.270000e-09	0.000000e+00	0.000000e+00	
23	5.300000e-09	0.000000e+00	0.000000e+00	
24	5.308000e-09	0.000000e+00	0.000000e+00	
25	5.324000e-09	0.000000e+00	0.000000e+00	
26	5.356000e-09	0.000000e+00	0.000000e+00	
27	5.420000e-09	0.000000e+00	0.000000e+00	
28	5.548000e-09	0.000000e+00	0.000000e+00	
29	5.804000e-09	0.000000e+00	0.000000e+00	
30	6.316000e-09	0.000000e+00	0.000000e+00	
31	7.340000e-09	0.000000e+00	0.000000e+00	
32	9.388000e-09	0.000000e+00	0.000000e+00	
33	1.348400e-08	0.000000e+00	0.000000e+00	
34	2.167600e-08	0.000000e+00	0.000000e+00	
35	3.806000e-08	0.000000e+00	0.000000e+00	
36	7.082800e-08	0.000000e+00	0.000000e+00	
37	1.363640e-07	0.000000e+00	0.000000e+00	
38	2.674360e-07	0.000000e+00	0.000000e+00	
39	5.295800e-07	0.000000e+00	0.000000e+00	
40	1.053868e-06	0.000000e+00	0.000000e+00	
41	2.102444e-06	0.000000e+00	0.000000e+00	
42	4.199596e-06	0.000000e+00	0.000000e+00	
43	8.393900e-06	0.000000e+00	0.000000e+00	
44	1.678251e-05	0.000000e+00	0.000000e+00	
45	3.355972e-05	0.000000e+00	0.000000e+00	
46	6.711416e-05	0.000000e+00	0.000000e+00	
47	1.342230e-04	0.000000e+00	0.000000e+00	
48	2.684407e-04	0.000000e+00	0.000000e+00	
49	5.368762e-04	0.000000e+00	0.000000e+00	
50	1.073747e-03	0.000000e+00	0.000000e+00	
51	2.073747e-03	0.000000e+00	0.000000e+00	
52	3.073747e-03	0.000000e+00	0.000000e+00	
53	4.073747e-03	0.000000e+00	0.000000e+00	
54	5.073747e-03	0.000000e+00	0.000000e+00	

Index   time            a3#branch_1_0   v1#branch       
--------------------------------------------------------------------------------
55	6.073747e-03	0.000000e+00	0.000000e+00	
56	7.073747e-03	0.000000e+00	0.000000e+00	
57	8.073747e-03	0.000000e+00	0.000000e+00	
58	9.073747e-03	0.000000e+00	0.000000e+00	
59	1.007375e-02	0.000000e+00	0.000000e+00	
60	1.107375e-02	0.000000e+00	0.000000e+00	
61	1.207375e-02	0.000000e+00	0.000000e+00	
62	1.307375e-02	0.000000e+00	0.000000e+00	
63	1.407375e-02	0.000000e+00	0.000000e+00	
64	1.507375e-02	0.000000e+00	0.000000e+00	
65	1.607375e-02	0.000000e+00	0.000000e+00	
66	1.707375e-02	0.000000e+00	0.000000e+00	
67	1.807375e-02	0.000000e+00	0.000000e+00	
68	1.907375e-02	0.000000e+00	0.000000e+00	
69	2.007375e-02	0.000000e+00	0.000000e+00	
70	2.107375e-02	0.000000e+00	0.000000e+00	
71	2.207375e-02	0.000000e+00	0.000000e+00	
72	2.307375e-02	0.000000e+00	0.000000e+00	
73	2.407375e-02	0.000000e+00	0.000000e+00	
74	2.507375e-02	0.000000e+00	0.000000e+00	
75	2.607375e-02	0.000000e+00	0.000000e+00	
76	2.707375e-02	0.000000e+00	0.000000e+00	
77	2.807375e-02	0.000000e+00	0.000000e+00	
78	2.907375e-02	0.000000e+00	0.000000e+00	
79	3.007375e-02	0.000000e+00	0.000000e+00	
80	3.107375e-02	0.000000e+00	0.000000e+00	
81	3.207375e-02	0.000000e+00	0.000000e+00	
82	3.307375e-02	0.000000e+00	0.000000e+00	
83	3.407375e-02	0.000000e+00	0.000000e+00	
84	3.507375e-02	0.000000e+00	0.000000e+00	
85	3.607375e-02	0.000000e+00	0.000000e+00	
86	3.707375e-02	0.000000e+00	0.000000e+00	
87	3.807375e-02	0.000000e+00	0.000000e+00	
88	3.907375e-02	0.000000e+00	0.000000e+00	
89	4.000001e-02	0.000000e+00	0.000000e+00	
90	4.000001e-02	0.000000e+00	0.000000e+00	
91	4.000001e-02	0.000000e+00	0.000000e+00	
92	4.000001e-02	0.000000e+00	0.000000e+00	
93	4.000001e-02	0.000000e+00	0.000000e+00	
94	4.000001e-02	0.000000e+00	0.000000e+00	
95	4.000001e-02	0.000000e+00	0.000000e+00	
96	4.000001e-02	0.000000e+00	0.000000e+00	
97	4.000001e-02	0.000000e+00	0.000000e+00	
98	4.000001e-02	0.000000e+00	0.000000e+00	
99	4.000001e-02	0.000000e+00	0.000000e+00	
100	4.000001e-02	0.000000e+00	0.000000e+00	
101	4.000001e-02	0.000000e+00	0.000000e+00	
102	4.000001e-02	0.000000e+00	0.000000e+00	
103	4.000001e-02	0.000000e+00	0.000000e+00	
104	4.000001e-02	0.000000e+00	0.000000e+00	
105	4.000001e-02	0.000000e+00	0.000000e+00	
106	4.000001e-02	0.000000e+00	0.000000e+00	
107	4.000001e-02	0.000000e+00	0.000000e+00	
108	4.000001e-02	0.000000e+00	0.000000e+00	
109	4.000001e-02	0.000000e+00	0.000000e+00	
110	4.000001e-02	0.000000e+00	0.000000e+00	
111	4.000001e-02	0.000000e+00	0.000000e+00	
112	4.000001e-02	0.000000e+00	0.000000e+00	

Index   time            a3#branch_1_0   v1#branch       
--------------------------------------------------------------------------------
113	4.000001e-02	0.000000e+00	0.000000e+00	
114	4.000001e-02	0.000000e+00	0.000000e+00	
115	4.000001e-02	0.000000e+00	0.000000e+00	
116	4.000002e-02	0.000000e+00	0.000000e+00	
117	4.000002e-02	0.000000e+00	0.000000e+00	
118	4.000002e-02	0.000000e+00	0.000000e+00	
119	4.000003e-02	0.000000e+00	0.000000e+00	
120	4.000005e-02	0.000000e+00	0.000000e+00	
121	4.000009e-02	0.000000e+00	0.000000e+00	
122	4.000016e-02	0.000000e+00	0.000000e+00	
123	4.000031e-02	0.000000e+00	0.000000e+00	
124	4.000060e-02	0.000000e+00	0.000000e+00	
125	4.000119e-02	0.000000e+00	0.000000e+00	
126	4.000237e-02	0.000000e+00	0.000000e+00	
127	4.000473e-02	0.000000e+00	0.000000e+00	
128	4.000945e-02	0.000000e+00	0.000000e+00	
129	4.001889e-02	0.000000e+00	0.000000e+00	
130	4.003776e-02	0.000000e+00	0.000000e+00	
131	4.007551e-02	0.000000e+00	0.000000e+00	
132	4.015101e-02	0.000000e+00	0.000000e+00	
133	4.030200e-02	0.000000e+00	0.000000e+00	
134	4.060399e-02	0.000000e+00	0.000000e+00	
135	4.120797e-02	0.000000e+00	0.000000e+00	
136	4.220797e-02	0.000000e+00	0.000000e+00	
137	4.320797e-02	0.000000e+00	0.000000e+00	
138	4.420797e-02	0.000000e+00	0.000000e+00	
139	4.520797e-02	0.000000e+00	0.000000e+00	
140	4.620797e-02	0.000000e+00	0.000000e+00	
141	4.720797e-02	0.000000e+00	0.000000e+00	
142	4.820797e-02	0.000000e+00	0.000000e+00	
143	4.920797e-02	0.000000e+00	0.000000e+00	
144	5.020797e-02	0.000000e+00	0.000000e+00	
145	5.120797e-02	0.000000e+00	0.000000e+00	
146	5.220797e-02	0.000000e+00	0.000000e+00	
147	5.320797e-02	0.000000e+00	0.000000e+00	
148	5.420797e-02	0.000000e+00	0.000000e+00	
149	5.520797e-02	0.000000e+00	0.000000e+00	
150	5.620797e-02	0.000000e+00	0.000000e+00	
151	5.720797e-02	0.000000e+00	0.000000e+00	
152	5.820797e-02	0.000000e+00	0.000000e+00	
153	5.920797e-02	0.000000e+00	0.000000e+00	
154	6.020797e-02	0.000000e+00	0.000000e+00	
155	6.120797e-02	0.000000e+00	0.000000e+00	
156	6.220797e-02	0.000000e+00	0.000000e+00	
157	6.320797e-02	0.000000e+00	0.000000e+00	
158	6.420797e-02	0.000000e+00	0.000000e+00	
159	6.520797e-02	0.000000e+00	0.000000e+00	
160	6.620797e-02	0.000000e+00	0.000000e+00	
161	6.720797e-02	0.000000e+00	0.000000e+00	
162	6.820797e-02	0.000000e+00	0.000000e+00	
163	6.920797e-02	0.000000e+00	0.000000e+00	
164	7.020797e-02	0.000000e+00	0.000000e+00	
165	7.120797e-02	0.000000e+00	0.000000e+00	
166	7.220797e-02	0.000000e+00	0.000000e+00	
167	7.320797e-02	0.000000e+00	0.000000e+00	
168	7.420797e-02	0.000000e+00	0.000000e+00	
169	7.520797e-02	0.000000e+00	0.000000e+00	
170	7.620797e-02	0.000000e+00	0.000000e+00	

Index   time            a3#branch_1_0   v1#branch       
--------------------------------------------------------------------------------
171	7.720797e-02	0.000000e+00	0.000000e+00	
172	7.820797e-02	0.000000e+00	0.000000e+00	
173	7.920797e-02	0.000000e+00	0.000000e+00	
174	8.000000e-02	0.000000e+00	0.000000e+00	
175	8.000000e-02	0.000000e+00	0.000000e+00	
176	8.000000e-02	0.000000e+00	0.000000e+00	
177	8.000000e-02	0.000000e+00	0.000000e+00	
178	8.000000e-02	0.000000e+00	0.000000e+00	
179	8.000000e-02	0.000000e+00	0.000000e+00	
180	8.000000e-02	0.000000e+00	0.000000e+00	
181	8.000000e-02	0.000000e+00	0.000000e+00	
182	8.000000e-02	0.000000e+00	0.000000e+00	
183	8.000000e-02	0.000000e+00	0.000000e+00	
184	8.000000e-02	0.000000e+00	0.000000e+00	
185	8.000001e-02	0.000000e+00	0.000000e+00	
186	8.000001e-02	0.000000e+00	0.000000e+00	
187	8.000001e-02	0.000000e+00	0.000000e+00	
188	8.000001e-02	0.000000e+00	0.000000e+00	
189	8.000001e-02	0.000000e+00	0.000000e+00	
190	8.000001e-02	0.000000e+00	0.000000e+00	
191	8.000001e-02	0.000000e+00	0.000000e+00	
192	8.000001e-02	0.000000e+00	0.000000e+00	
193	8.000001e-02	0.000000e+00	0.000000e+00	
194	8.000001e-02	0.000000e+00	0.000000e+00	
195	8.000001e-02	0.000000e+00	0.000000e+00	
196	8.000001e-02	0.000000e+00	0.000000e+00	
197	8.000001e-02	0.000000e+00	0.000000e+00	
198	8.000001e-02	0.000000e+00	0.000000e+00	
199	8.000001e-02	0.000000e+00	0.000000e+00	
200	8.000001e-02	0.000000e+00	0.000000e+00	
201	8.000001e-02	0.000000e+00	0.000000e+00	
202	8.000001e-02	0.000000e+00	0.000000e+00	
203	8.000001e-02	0.000000e+00	0.000000e+00	
204	8.000002e-02	0.000000e+00	0.000000e+00	
205	8.000004e-02	0.000000e+00	0.000000e+00	
206	8.000007e-02	0.000000e+00	0.000000e+00	
207	8.000014e-02	0.000000e+00	0.000000e+00	
208	8.000027e-02	0.000000e+00	0.000000e+00	
209	8.000053e-02	0.000000e+00	0.000000e+00	
210	8.000105e-02	0.000000e+00	0.000000e+00	
211	8.000210e-02	0.000000e+00	0.000000e+00	
212	8.000420e-02	0.000000e+00	0.000000e+00	
213	8.000839e-02	0.000000e+00	0.000000e+00	
214	8.001678e-02	0.000000e+00	0.000000e+00	
215	8.003356e-02	0.000000e+00	0.000000e+00	
216	8.006711e-02	0.000000e+00	0.000000e+00	
217	8.013422e-02	0.000000e+00	0.000000e+00	
218	8.026844e-02	0.000000e+00	0.000000e+00	
219	8.053688e-02	0.000000e+00	0.000000e+00	
220	8.107375e-02	0.000000e+00	0.000000e+00	
221	8.207375e-02	0.000000e+00	0.000000e+00	
222	8.307375e-02	0.000000e+00	0.000000e+00	
223	8.407375e-02	0.000000e+00	0.000000e+00	
224	8.507375e-02	0.000000e+00	0.000000e+00	
225	8.607375e-02	0.000000e+00	0.000000e+00	
226	8.707375e-02	0.000000e+00	0.000000e+00	
227	8.807375e-02	0.000000e+00	0.000000e+00	
228	8.907375e-02	0.000000e+00	0.000000e+00	

Index   time            a3#branch_1_0   v1#branch       
--------------------------------------------------------------------------------
229	9.007375e-02	0.000000e+00	0.000000e+00	
230	9.107375e-02	0.000000e+00	0.000000e+00	
231	9.207375e-02	0.000000e+00	0.000000e+00	
232	9.307375e-02	0.000000e+00	0.000000e+00	
233	9.407375e-02	0.000000e+00	0.000000e+00	
234	9.507375e-02	0.000000e+00	0.000000e+00	
235	9.607375e-02	0.000000e+00	0.000000e+00	
236	9.707375e-02	0.000000e+00	0.000000e+00	
237	9.807375e-02	0.000000e+00	0.000000e+00	
238	9.907375e-02	0.000000e+00	0.000000e+00	
239	1.000737e-01	0.000000e+00	0.000000e+00	
240	1.010737e-01	0.000000e+00	0.000000e+00	
241	1.020737e-01	0.000000e+00	0.000000e+00	
242	1.030737e-01	0.000000e+00	0.000000e+00	
243	1.040737e-01	0.000000e+00	0.000000e+00	
244	1.050737e-01	0.000000e+00	0.000000e+00	
245	1.060737e-01	0.000000e+00	0.000000e+00	
246	1.070737e-01	0.000000e+00	0.000000e+00	
247	1.080737e-01	0.000000e+00	0.000000e+00	
248	1.090737e-01	0.000000e+00	0.000000e+00	
249	1.100737e-01	0.000000e+00	0.000000e+00	
250	1.110737e-01	0.000000e+00	0.000000e+00	
251	1.120737e-01	0.000000e+00	0.000000e+00	
252	1.130737e-01	0.000000e+00	0.000000e+00	
253	1.140737e-01	0.000000e+00	0.000000e+00	
254	1.150737e-01	0.000000e+00	0.000000e+00	
255	1.160737e-01	0.000000e+00	0.000000e+00	
256	1.170737e-01	0.000000e+00	0.000000e+00	
257	1.180737e-01	0.000000e+00	0.000000e+00	
258	1.190737e-01	0.000000e+00	0.000000e+00	
259	1.200000e-01	0.000000e+00	0.000000e+00	
260	1.200000e-01	0.000000e+00	0.000000e+00	
261	1.200000e-01	0.000000e+00	0.000000e+00	
262	1.200000e-01	0.000000e+00	0.000000e+00	
263	1.200000e-01	0.000000e+00	0.000000e+00	
264	1.200000e-01	0.000000e+00	0.000000e+00	
265	1.200000e-01	0.000000e+00	0.000000e+00	
266	1.200000e-01	0.000000e+00	0.000000e+00	
267	1.200000e-01	0.000000e+00	0.000000e+00	
268	1.200000e-01	0.000000e+00	0.000000e+00	
269	1.200000e-01	0.000000e+00	0.000000e+00	
270	1.200000e-01	0.000000e+00	0.000000e+00	
271	1.200000e-01	0.000000e+00	0.000000e+00	
272	1.200000e-01	0.000000e+00	0.000000e+00	
273	1.200000e-01	0.000000e+00	0.000000e+00	
274	1.200000e-01	0.000000e+00	0.000000e+00	
275	1.200000e-01	0.000000e+00	0.000000e+00	
276	1.200000e-01	0.000000e+00	0.000000e+00	
277	1.200000e-01	0.000000e+00	0.000000e+00	
278	1.200000e-01	0.000000e+00	0.000000e+00	
279	1.200000e-01	0.000000e+00	0.000000e+00	
280	1.200000e-01	0.000000e+00	0.000000e+00	
281	1.200000e-01	0.000000e+00	0.000000e+00	
282	1.200000e-01	0.000000e+00	0.000000e+00	
283	1.200000e-01	0.000000e+00	0.000000e+00	
284	1.200000e-01	0.000000e+00	0.000000e+00	
285	1.200000e-01	0.000000e+00	0.000000e+00	
286	1.200000e-01	0.000000e+00	0.000000e+00	

Index   time            a3#branch_1_0   v1#branch       
--------------------------------------------------------------------------------
287	1.200000e-01	0.000000e+00	0.000000e+00	
288	1.200000e-01	0.000000e+00	0.000000e+00	
289	1.200000e-01	0.000000e+00	0.000000e+00	
290	1.200000e-01	0.000000e+00	0.000000e+00	
291	1.200001e-01	0.000000e+00	0.000000e+00	
292	1.200002e-01	0.000000e+00	0.000000e+00	
293	1.200003e-01	0.000000e+00	0.000000e+00	
294	1.200006e-01	0.000000e+00	0.000000e+00	
295	1.200012e-01	0.000000e+00	0.000000e+00	
296	1.200024e-01	0.000000e+00	0.000000e+00	
297	1.200047e-01	0.000000e+00	0.000000e+00	
298	1.200095e-01	0.000000e+00	0.000000e+00	
299	1.200189e-01	0.000000e+00	0.000000e+00	
300	1.200378e-01	0.000000e+00	0.000000e+00	
301	1.200755e-01	0.000000e+00	0.000000e+00	
302	1.201510e-01	0.000000e+00	0.000000e+00	
303	1.203020e-01	0.000000e+00	0.000000e+00	
304	1.206040e-01	0.000000e+00	0.000000e+00	
305	1.212080e-01	0.000000e+00	0.000000e+00	
306	1.222080e-01	0.000000e+00	0.000000e+00	
307	1.232080e-01	0.000000e+00	0.000000e+00	
308	1.242080e-01	0.000000e+00	0.000000e+00	
309	1.252080e-01	0.000000e+00	0.000000e+00	
310	1.262080e-01	0.000000e+00	0.000000e+00	
311	1.272080e-01	0.000000e+00	0.000000e+00	
312	1.282080e-01	0.000000e+00	0.000000e+00	
313	1.292080e-01	0.000000e+00	0.000000e+00	
314	1.302080e-01	0.000000e+00	0.000000e+00	
315	1.312080e-01	0.000000e+00	0.000000e+00	
316	1.322080e-01	0.000000e+00	0.000000e+00	
317	1.332080e-01	0.000000e+00	0.000000e+00	
318	1.342080e-01	0.000000e+00	0.000000e+00	
319	1.352080e-01	0.000000e+00	0.000000e+00	
320	1.362080e-01	0.000000e+00	0.000000e+00	
321	1.372080e-01	0.000000e+00	0.000000e+00	
322	1.382080e-01	0.000000e+00	0.000000e+00	
323	1.392080e-01	0.000000e+00	0.000000e+00	
324	1.402080e-01	0.000000e+00	0.000000e+00	
325	1.412080e-01	0.000000e+00	0.000000e+00	
326	1.422080e-01	0.000000e+00	0.000000e+00	
327	1.432080e-01	0.000000e+00	0.000000e+00	
328	1.442080e-01	0.000000e+00	0.000000e+00	
329	1.452080e-01	0.000000e+00	0.000000e+00	
330	1.462080e-01	0.000000e+00	0.000000e+00	
331	1.472080e-01	0.000000e+00	0.000000e+00	
332	1.482080e-01	0.000000e+00	0.000000e+00	
333	1.492080e-01	0.000000e+00	0.000000e+00	
334	1.502080e-01	0.000000e+00	0.000000e+00	
335	1.512080e-01	0.000000e+00	0.000000e+00	
336	1.522080e-01	0.000000e+00	0.000000e+00	
337	1.532080e-01	0.000000e+00	0.000000e+00	
338	1.542080e-01	0.000000e+00	0.000000e+00	
339	1.552080e-01	0.000000e+00	0.000000e+00	
340	1.562080e-01	0.000000e+00	0.000000e+00	
341	1.572080e-01	0.000000e+00	0.000000e+00	
342	1.582080e-01	0.000000e+00	0.000000e+00	
343	1.592080e-01	0.000000e+00	0.000000e+00	
344	1.600000e-01	0.000000e+00	0.000000e+00	
