               * c:\users\lenovo\esim-workspace\nanddd\nanddd.cir
               Transient Analysis  Fri Feb 28 19:10:40  2025
--------------------------------------------------------------------------------
Index   time            v1#branch       v2#branch       v3#branch       
--------------------------------------------------------------------------------
0	0.000000e+00	0.000000e+00	0.000000e+00	-1.02422e-11	
1	5.000000e-11	-2.51820e-02	-2.53122e-02	2.555485e-03	
2	1.000000e-10	-1.50458e-02	-1.51990e-02	-1.65817e-02	
3	2.000000e-10	1.849459e-02	1.811139e-02	-8.04437e-02	
4	2.994893e-10	2.126027e-02	1.901446e-02	-8.42304e-02	
5	3.975386e-10	-1.06498e-01	-1.14662e-01	1.773846e-01	
6	5.144050e-10	-2.76577e-02	-4.61349e-02	2.632565e-02	
7	6.841879e-10	-1.25863e-01	-1.57791e-01	2.335191e-01	
8	1.023754e-09	-3.98778e-02	-8.60254e-02	7.153599e-02	
9	1.468731e-09	-1.30553e-01	-1.80784e-01	2.584366e-01	
10	2.147661e-09	-3.89819e-02	-9.11414e-02	7.788380e-02	
11	3.384812e-09	-1.26857e-01	-1.80862e-01	2.581534e-01	
12	5.000000e-09	-2.78901e-02	-8.35693e-02	6.183413e-02	
13	5.050084e-09	-2.08123e-02	-6.80195e-02	6.313116e-02	
14	5.150253e-09	-4.31227e-03	-3.58522e-02	2.209085e-02	
15	5.350590e-09	-1.41958e-03	-1.45044e-02	7.309787e-03	
16	5.667914e-09	-3.62225e-03	-6.54273e-03	6.656681e-03	
17	6.000192e-09	-1.64789e-03	-2.05972e-03	1.620986e-03	
18	6.664748e-09	-2.87967e-03	-2.92249e-03	3.789410e-03	
19	7.993860e-09	-6.48644e-04	-5.68358e-04	-5.99373e-04	
20	1.065208e-08	-2.12906e-03	-2.22797e-03	2.345628e-03	
21	1.485575e-08	-2.31288e-04	-1.34194e-04	-1.39097e-03	
22	2.239702e-08	-1.88231e-03	-1.98916e-03	1.941624e-03	
23	3.507795e-08	-4.48463e-05	5.627149e-05	-1.62330e-03	
24	5.839631e-08	-1.69610e-03	-1.80456e-03	1.808888e-03	
25	8.152679e-08	2.182746e-04	3.131249e-04	-1.69244e-03	
26	1.088803e-07	-3.31736e-03	1.615778e-04	2.468886e-03	
27	1.303490e-07	6.157060e-04	-8.45621e-04	-5.74119e-04	
28	1.512276e-07	-1.96587e-03	6.434716e-04	6.975797e-04	
29	1.725820e-07	6.713725e-04	-1.11526e-03	-2.71526e-04	
30	2.001674e-07	-1.73024e-03	5.402475e-04	6.354517e-04	
31	2.553382e-07	7.563602e-04	-1.18963e-03	-1.73777e-04	
32	3.139898e-07	-1.63927e-03	1.061206e-03	3.448340e-04	
33	3.702092e-07	9.090554e-04	-1.30465e-03	-3.44963e-04	
34	4.695063e-07	-1.51973e-03	1.133275e-03	3.450363e-04	
35	6.026616e-07	1.036863e-03	-1.29745e-03	-3.45091e-04	
36	8.689724e-07	-1.35260e-03	1.181783e-03	3.451180e-04	
37	1.401594e-06	1.207136e-03	-1.23950e-03	-3.45132e-04	
38	2.466837e-06	-1.23751e-03	1.227099e-03	3.451385e-04	
39	4.246489e-06	1.238481e-03	-1.22672e-03	-3.45143e-04	
40	7.325204e-06	-1.23869e-03	1.226646e-03	3.451449e-04	
41	1.348263e-05	1.238759e-03	-1.22662e-03	-3.45146e-04	
42	2.579749e-05	-1.23878e-03	1.226617e-03	3.451467e-04	
43	5.042720e-05	1.238797e-03	-1.22661e-03	-3.45147e-04	
44	9.968663e-05	-1.23880e-03	1.226612e-03	3.451471e-04	
45	1.982055e-04	1.238805e-03	-1.22661e-03	-3.45147e-04	
46	3.952432e-04	-1.23881e-03	1.226611e-03	3.451472e-04	
47	7.893186e-04	1.238807e-03	-1.22661e-03	-3.45147e-04	
48	1.577469e-03	-1.23881e-03	1.226611e-03	3.451473e-04	
49	2.577469e-03	1.238807e-03	-1.22661e-03	-3.45147e-04	
50	3.577469e-03	-1.23881e-03	1.226611e-03	3.451473e-04	
51	4.577469e-03	1.238808e-03	-1.22661e-03	-3.45147e-04	
52	5.577469e-03	-1.23881e-03	1.226611e-03	3.451473e-04	
53	6.577469e-03	1.238808e-03	-1.22661e-03	-3.45147e-04	
54	7.577469e-03	-1.23881e-03	1.226610e-03	3.451473e-04	

Index   time            v1#branch       v2#branch       v3#branch       
--------------------------------------------------------------------------------
55	8.577469e-03	1.238809e-03	-1.22661e-03	-3.45147e-04	
56	9.577469e-03	-1.23881e-03	1.226610e-03	3.451473e-04	
57	1.057747e-02	1.238809e-03	-1.22661e-03	-3.45147e-04	
58	1.157747e-02	-1.23881e-03	1.226610e-03	3.451473e-04	
59	1.257747e-02	1.238810e-03	-1.22661e-03	-3.45147e-04	
60	1.357747e-02	-1.23881e-03	1.226610e-03	3.451474e-04	
61	1.457747e-02	1.238810e-03	-1.22661e-03	-3.45147e-04	
62	1.557747e-02	-1.23881e-03	1.226610e-03	3.451474e-04	
63	1.657747e-02	1.238811e-03	-1.22661e-03	-3.45147e-04	
64	1.757747e-02	-1.23881e-03	1.226610e-03	3.451474e-04	
65	1.857747e-02	1.238811e-03	-1.22661e-03	-3.45147e-04	
66	1.957747e-02	-1.23881e-03	1.226610e-03	3.451474e-04	
67	2.000001e-02	1.238812e-03	-1.22661e-03	-3.45147e-04	
68	2.000001e-02	-4.00354e-02	3.924831e-02	-2.34819e-02	
69	2.000001e-02	-3.01258e-03	2.080311e-01	-3.92225e-02	
70	2.000001e-02	-3.89026e-02	1.622802e-01	-4.04795e-02	
71	2.000001e-02	-8.63015e-03	1.516298e-01	-3.83324e-02	
72	2.000001e-02	-8.54321e-03	1.489779e-01	-3.73458e-02	
73	2.000001e-02	7.544860e-03	1.489994e-01	-3.75151e-02	
74	2.000001e-02	-7.34383e-03	1.456888e-01	-3.75575e-02	
75	2.000001e-02	7.568866e-03	1.328723e-01	-3.77185e-02	
76	2.000001e-02	3.597207e-03	7.591116e-02	-2.45307e-02	
77	2.000001e-02	5.631647e-03	4.526588e-02	-1.82832e-02	
78	2.000001e-02	5.464203e-03	2.174403e-02	-9.62879e-03	
79	2.000001e-02	4.772988e-03	6.850558e-03	-3.11957e-03	
80	2.000001e-02	3.180760e-03	2.227412e-03	-1.02382e-03	
81	2.000001e-02	1.298495e-03	7.860230e-04	-5.73485e-04	
82	2.000001e-02	1.273221e-03	2.878100e-04	-4.09648e-04	
83	2.000002e-02	3.470354e-04	3.426956e-04	-6.12338e-04	
84	2.000002e-02	8.749632e-04	-1.55371e-04	-3.94938e-04	
85	2.000003e-02	1.709825e-04	2.385854e-04	-6.10623e-04	
86	2.000004e-02	7.793049e-04	-1.62461e-04	-3.84206e-04	
87	2.000006e-02	4.519936e-05	2.685138e-04	-5.98291e-04	
88	2.000011e-02	6.439370e-04	-5.09560e-05	-3.59512e-04	
89	2.000019e-02	5.442845e-05	4.184878e-04	-5.64629e-04	
90	2.000023e-02	8.903875e-04	-3.73388e-04	-3.36902e-04	
91	2.000027e-02	-3.05494e-04	3.763422e-04	-5.45657e-04	
92	2.000031e-02	1.142049e-03	-3.75038e-04	-3.16043e-04	
93	2.000037e-02	-5.10780e-04	3.789553e-04	-5.17549e-04	
94	2.000045e-02	1.234435e-03	-3.75959e-04	-2.78330e-04	
95	2.000055e-02	-6.41296e-04	3.952305e-04	-4.68590e-04	
96	2.000072e-02	1.208221e-03	-3.55213e-04	-2.06836e-04	
97	2.000102e-02	-8.18147e-04	4.718226e-04	-3.65752e-04	
98	2.000145e-02	1.078968e-03	-3.65858e-04	-3.09420e-05	
99	2.000190e-02	-1.01707e-03	5.047889e-04	-1.75087e-04	
100	2.000237e-02	1.035599e-03	-4.77683e-04	1.279325e-04	
101	2.000281e-02	-1.02634e-03	4.826762e-04	-1.42945e-04	
102	2.000348e-02	1.031768e-03	-4.80534e-04	1.349279e-04	
103	2.000473e-02	-1.02893e-03	4.811474e-04	-1.38613e-04	
104	2.000723e-02	1.030100e-03	-4.80967e-04	1.371667e-04	
105	2.001224e-02	-1.02979e-03	4.809953e-04	-1.37535e-04	
106	2.002226e-02	1.029809e-03	-4.80986e-04	1.375009e-04	
107	2.004229e-02	-1.02981e-03	4.809839e-04	-1.37499e-04	
108	2.008236e-02	1.029809e-03	-4.80984e-04	1.374988e-04	
109	2.016250e-02	-1.02981e-03	4.809830e-04	-1.37498e-04	
110	2.032279e-02	1.029809e-03	-4.80983e-04	1.374981e-04	
111	2.064335e-02	-1.02981e-03	4.809828e-04	-1.37498e-04	
112	2.128447e-02	1.029809e-03	-4.80983e-04	1.374979e-04	

Index   time            v1#branch       v2#branch       v3#branch       
--------------------------------------------------------------------------------
113	2.228447e-02	-1.02981e-03	4.809827e-04	-1.37498e-04	
114	2.328447e-02	1.029809e-03	-4.80983e-04	1.374978e-04	
115	2.428447e-02	-1.02981e-03	4.809826e-04	-1.37498e-04	
116	2.528447e-02	1.029809e-03	-4.80983e-04	1.374978e-04	
117	2.628447e-02	-1.02981e-03	4.809826e-04	-1.37498e-04	
118	2.728447e-02	1.029809e-03	-4.80983e-04	1.374977e-04	
119	2.828447e-02	-1.02981e-03	4.809825e-04	-1.37498e-04	
120	2.928447e-02	1.029809e-03	-4.80982e-04	1.374977e-04	
121	3.028447e-02	-1.02981e-03	4.809825e-04	-1.37498e-04	
122	3.128447e-02	1.029809e-03	-4.80982e-04	1.374976e-04	
123	3.228447e-02	-1.02981e-03	4.809824e-04	-1.37498e-04	
124	3.328447e-02	1.029809e-03	-4.80982e-04	1.374975e-04	
125	3.428447e-02	-1.02981e-03	4.809823e-04	-1.37498e-04	
126	3.528447e-02	1.029809e-03	-4.80982e-04	1.374975e-04	
127	3.628447e-02	-1.02981e-03	4.809823e-04	-1.37497e-04	
128	3.728447e-02	1.029809e-03	-4.80982e-04	1.374974e-04	
129	3.828447e-02	-1.02981e-03	4.809822e-04	-1.37497e-04	
130	3.928447e-02	1.029809e-03	-4.80982e-04	1.374974e-04	
131	4.000000e-02	-1.02981e-03	4.809821e-04	-1.37497e-04	
132	4.000000e-02	2.789639e-02	-4.25748e-02	-1.02087e-02	
133	4.000000e-02	2.131196e-02	-1.78389e-01	1.164612e-01	
134	4.000000e-02	1.394889e-02	-1.10771e-01	5.609500e-02	
135	4.000000e-02	1.197680e-02	-1.59474e-01	1.125544e-01	
136	4.000000e-02	1.551855e-02	-1.12203e-01	5.449163e-02	
137	4.000001e-02	1.074298e-02	-1.48927e-01	1.024175e-01	
138	4.000001e-02	3.871327e-02	-6.38075e-02	1.088944e-02	
139	4.000001e-02	4.141750e-02	-3.92996e-02	-6.68841e-03	
140	4.000001e-02	4.572298e-02	-3.01741e-02	-1.03643e-02	
141	4.000001e-02	4.744239e-02	-3.41335e-02	-4.82307e-03	
142	4.000001e-02	4.042988e-02	-1.44022e-02	-1.66737e-02	
143	4.000001e-02	3.834583e-02	1.125762e-02	-3.99948e-02	
144	4.000001e-02	2.300675e-02	-5.94173e-03	-5.12675e-03	
145	4.000001e-02	4.227451e-02	1.572846e-02	-4.63780e-02	
146	4.000001e-02	2.747792e-02	-7.21544e-04	-1.26034e-02	
147	4.000001e-02	4.775494e-02	2.084634e-02	-5.40084e-02	
148	4.000001e-02	3.304809e-02	2.939416e-03	-1.83647e-02	
149	4.000001e-02	5.354114e-02	2.172672e-02	-5.62381e-02	
150	4.000001e-02	5.028611e-02	-9.93171e-03	-1.87951e-02	
151	4.000001e-02	1.832424e-01	-1.94239e-02	-5.62833e-02	
152	4.000001e-02	6.134076e-02	-1.25791e-02	-1.90281e-02	
153	4.000001e-02	5.982219e-02	-4.02152e-03	-2.65073e-02	
154	4.000001e-02	5.702660e-02	-1.48228e-03	-2.78704e-02	
155	4.000001e-02	5.397925e-02	-3.71889e-03	-2.41865e-02	
156	4.000001e-02	5.097012e-02	-1.29384e-03	-2.52321e-02	
157	4.000001e-02	4.545684e-02	-3.55572e-03	-2.03047e-02	
158	4.000001e-02	3.884086e-02	-1.18601e-03	-1.94824e-02	
159	4.000001e-02	2.974473e-02	-3.47373e-03	-1.27057e-02	
160	4.000001e-02	1.912521e-02	-1.09212e-03	-9.83702e-03	
161	4.000001e-02	8.679900e-03	-3.29655e-03	-2.39509e-03	
162	4.000001e-02	2.117732e-03	-6.99520e-04	-1.82348e-03	
163	4.000001e-02	2.706176e-04	-2.56180e-03	7.107114e-04	
164	4.000001e-02	1.219503e-04	-1.44307e-04	-1.69199e-03	
165	4.000001e-02	-4.70860e-05	-2.42551e-03	6.736177e-04	
166	4.000002e-02	-5.20478e-05	-7.83852e-05	-1.68461e-03	
167	4.000002e-02	-1.47301e-04	-2.37036e-03	6.737277e-04	
168	4.000002e-02	-1.16054e-04	-2.18488e-05	-1.68125e-03	
169	4.000003e-02	-1.74082e-04	-2.31150e-03	6.778119e-04	
170	4.000003e-02	-6.04662e-05	3.959730e-05	-1.67485e-03	

Index   time            v1#branch       v2#branch       v3#branch       
--------------------------------------------------------------------------------
171	4.000004e-02	-6.53225e-05	-1.84390e-03	7.330020e-04	
172	4.000004e-02	-7.46444e-04	1.527957e-04	-1.61835e-03	
173	4.000004e-02	-1.08570e-04	-1.82028e-03	8.037555e-04	
174	4.000005e-02	-7.16948e-04	1.749400e-04	-1.62335e-03	
175	4.000005e-02	-1.31349e-04	-1.78685e-03	8.607802e-04	
176	4.000007e-02	-6.92288e-04	2.398285e-04	-1.58196e-03	
177	4.000009e-02	6.732417e-04	-1.93777e-03	9.403486e-04	
178	4.000011e-02	-1.06806e-04	5.333261e-04	-1.51177e-03	
179	4.000014e-02	6.001783e-04	-1.54280e-03	1.015190e-03	
180	4.000018e-02	-1.72756e-04	8.232776e-04	-1.44479e-03	
181	4.000024e-02	5.136874e-04	-1.26234e-03	1.102441e-03	
182	4.000037e-02	-2.89482e-04	1.087975e-03	-1.32731e-03	
183	4.000051e-02	4.078697e-04	-1.12040e-03	1.208678e-03	
184	4.000070e-02	-3.52639e-04	1.115940e-03	-1.26400e-03	
185	4.000098e-02	3.712720e-04	-1.11578e-03	1.245333e-03	
186	4.000150e-02	-3.68161e-04	1.115760e-03	-1.24845e-03	
187	4.000242e-02	3.679077e-04	-1.11575e-03	1.248700e-03	
188	4.000426e-02	-3.67843e-04	1.115750e-03	-1.24876e-03	
189	4.000794e-02	3.678200e-04	-1.11575e-03	1.248787e-03	
190	4.001530e-02	-3.67810e-04	1.115748e-03	-1.24880e-03	
191	4.003002e-02	3.678050e-04	-1.11575e-03	1.248802e-03	
192	4.005945e-02	-3.67803e-04	1.115747e-03	-1.24880e-03	
193	4.011832e-02	3.678019e-04	-1.11575e-03	1.248805e-03	
194	4.023606e-02	-3.67801e-04	1.115747e-03	-1.24881e-03	
195	4.047154e-02	3.678011e-04	-1.11575e-03	1.248806e-03	
196	4.094250e-02	-3.67801e-04	1.115747e-03	-1.24881e-03	
197	4.188442e-02	3.678009e-04	-1.11575e-03	1.248806e-03	
198	4.288442e-02	-3.67801e-04	1.115747e-03	-1.24881e-03	
199	4.388442e-02	3.678008e-04	-1.11575e-03	1.248806e-03	
200	4.488442e-02	-3.67801e-04	1.115747e-03	-1.24881e-03	
201	4.588442e-02	3.678006e-04	-1.11575e-03	1.248807e-03	
202	4.688442e-02	-3.67801e-04	1.115747e-03	-1.24881e-03	
203	4.788442e-02	3.678005e-04	-1.11575e-03	1.248807e-03	
204	4.888442e-02	-3.67800e-04	1.115747e-03	-1.24881e-03	
205	4.988442e-02	3.678004e-04	-1.11575e-03	1.248807e-03	
206	5.088442e-02	-3.67800e-04	1.115747e-03	-1.24881e-03	
207	5.188442e-02	3.678003e-04	-1.11575e-03	1.248807e-03	
208	5.288442e-02	-3.67800e-04	1.115747e-03	-1.24881e-03	
209	5.388442e-02	3.678001e-04	-1.11575e-03	1.248807e-03	
210	5.488442e-02	-3.67800e-04	1.115747e-03	-1.24881e-03	
211	5.588442e-02	3.678000e-04	-1.11575e-03	1.248807e-03	
212	5.688442e-02	-3.67800e-04	1.115747e-03	-1.24881e-03	
213	5.788442e-02	3.677999e-04	-1.11575e-03	1.248807e-03	
214	5.888442e-02	-3.67800e-04	1.115747e-03	-1.24881e-03	
215	5.988442e-02	3.677998e-04	-1.11575e-03	1.248807e-03	
216	6.000001e-02	-3.67799e-04	1.115747e-03	-1.24881e-03	
217	6.000001e-02	-2.20777e-02	5.313359e-02	-3.10985e-02	
218	6.000001e-02	-3.11265e-02	1.865278e-01	-2.95976e-02	
219	6.000001e-02	-3.68318e-02	1.195766e-01	-3.24229e-02	
220	6.000001e-02	-3.30775e-02	1.772251e-01	-2.79634e-02	
221	6.000001e-02	-2.87237e-02	1.202351e-01	-2.56695e-02	
222	6.000001e-02	2.405417e-02	1.630027e-01	-5.21356e-02	
223	6.000001e-02	5.939368e-03	6.786399e-02	-2.26709e-02	
224	6.000001e-02	6.286069e-03	3.183906e-02	-1.41395e-02	
225	6.000001e-02	5.567886e-03	9.974767e-03	-4.91238e-03	
226	6.000001e-02	3.588810e-03	1.769101e-03	-1.46531e-03	
227	6.000001e-02	9.322713e-04	4.906532e-04	-8.95466e-04	
228	6.000001e-02	2.578943e-03	6.628885e-04	-1.16295e-03	

Index   time            v1#branch       v2#branch       v3#branch       
--------------------------------------------------------------------------------
229	6.000001e-02	7.872212e-05	-1.46096e-04	-8.58051e-04	
230	6.000002e-02	2.104234e-03	5.401052e-04	-1.04755e-03	
231	6.000002e-02	-4.34074e-04	9.548270e-04	-7.34344e-04	
232	6.000003e-02	1.430728e-03	1.767870e-04	-9.72712e-04	
233	6.000004e-02	-4.92507e-04	6.508883e-04	-5.53122e-04	
234	6.000005e-02	1.316632e-03	2.312599e-04	-9.49276e-04	
235	6.000007e-02	-5.68544e-04	4.830081e-04	-3.91930e-04	
236	6.000010e-02	1.207547e-03	1.770676e-04	-8.15525e-04	
237	6.000014e-02	-6.72366e-04	3.444971e-04	-1.86179e-04	
238	6.000022e-02	1.071675e-03	6.182521e-05	-5.79154e-04	
239	6.000035e-02	-8.15416e-04	1.898116e-04	9.566526e-05	
240	6.000063e-02	9.297530e-04	-7.35550e-05	-3.10078e-04	
241	6.000094e-02	-8.97033e-04	1.044984e-04	2.555968e-04	
242	6.000140e-02	9.067680e-04	-9.35568e-05	-2.69584e-04	
243	6.000213e-02	-9.02119e-04	9.749552e-05	2.649124e-04	
244	6.000360e-02	9.045779e-04	-9.47024e-05	-2.67690e-04	
245	6.000654e-02	-9.03347e-04	9.579770e-05	2.665387e-04	
246	6.001243e-02	9.038572e-04	-9.52409e-05	-2.67016e-04	
247	6.002420e-02	-9.03616e-04	9.547205e-05	2.669362e-04	
248	6.004774e-02	9.036601e-04	-9.54262e-05	-2.66948e-04	
249	6.009482e-02	-9.03662e-04	9.542392e-05	2.669529e-04	
250	6.018898e-02	9.036634e-04	-9.54225e-05	-2.66955e-04	
251	6.037729e-02	-9.03664e-04	9.542193e-05	2.669566e-04	
252	6.075392e-02	9.036643e-04	-9.54216e-05	-2.66957e-04	
253	6.150718e-02	-9.03664e-04	9.542146e-05	2.669576e-04	
254	6.250718e-02	9.036646e-04	-9.54213e-05	-2.66958e-04	
255	6.350718e-02	-9.03665e-04	9.542122e-05	2.669580e-04	
256	6.450718e-02	9.036648e-04	-9.54211e-05	-2.66958e-04	
257	6.550718e-02	-9.03665e-04	9.542099e-05	2.669585e-04	
258	6.650718e-02	9.036650e-04	-9.54209e-05	-2.66959e-04	
259	6.750718e-02	-9.03665e-04	9.542075e-05	2.669589e-04	
260	6.850718e-02	9.036653e-04	-9.54206e-05	-2.66959e-04	
261	6.950718e-02	-9.03665e-04	9.542052e-05	2.669594e-04	
262	7.050718e-02	9.036655e-04	-9.54204e-05	-2.66960e-04	
263	7.150718e-02	-9.03666e-04	9.542029e-05	2.669598e-04	
264	7.250718e-02	9.036657e-04	-9.54202e-05	-2.66960e-04	
265	7.350718e-02	-9.03666e-04	9.542005e-05	2.669603e-04	
266	7.450718e-02	9.036659e-04	-9.54199e-05	-2.66961e-04	
267	7.550718e-02	-9.03666e-04	9.541982e-05	2.669607e-04	
268	7.650718e-02	9.036662e-04	-9.54197e-05	-2.66961e-04	
269	7.750718e-02	-9.03666e-04	9.541959e-05	2.669612e-04	
270	7.850718e-02	9.036664e-04	-9.54195e-05	-2.66961e-04	
271	7.950718e-02	-9.03666e-04	9.541936e-05	2.669617e-04	
272	8.000000e-02	9.036667e-04	-9.54191e-05	-2.66962e-04	
273	8.000000e-02	-2.85931e-02	-3.62614e-02	1.817744e-02	
274	8.000000e-02	-1.25993e-01	-1.89482e-01	2.620362e-01	
275	8.000000e-02	-4.96100e-02	-1.00038e-01	9.335270e-02	
276	8.000000e-02	-1.15928e-01	-1.68753e-01	2.399201e-01	
277	8.000000e-02	-4.70691e-02	-1.02880e-01	9.457537e-02	
278	8.000001e-02	-1.01814e-01	-1.56196e-01	2.148083e-01	
279	8.000001e-02	-2.14852e-02	-7.03831e-02	6.532412e-02	
280	8.000001e-02	-5.17371e-03	-4.05803e-02	2.576955e-02	
281	8.000001e-02	-1.60645e-03	-1.93780e-02	9.972782e-03	
282	8.000001e-02	-3.29280e-03	-8.03290e-03	6.883060e-03	
283	8.000001e-02	-2.04073e-03	-3.04798e-03	2.688243e-03	
284	8.000001e-02	-2.73921e-03	-2.75131e-03	3.496879e-03	
285	8.000001e-02	-1.00762e-03	-9.37360e-04	1.160237e-04	
286	8.000001e-02	-1.88242e-03	-1.97520e-03	1.849508e-03	

Index   time            v1#branch       v2#branch       v3#branch       
--------------------------------------------------------------------------------
287	8.000001e-02	-5.44183e-04	-4.51513e-04	-7.76138e-04	
288	8.000002e-02	-1.61504e-03	-1.71812e-03	1.396186e-03	
289	8.000003e-02	-3.50028e-04	-2.52405e-04	-1.03890e-03	
290	8.000005e-02	-1.43146e-03	-1.53669e-03	1.246635e-03	
291	8.000008e-02	-1.66750e-04	-6.70699e-05	-1.11978e-03	
292	8.000011e-02	-2.93396e-03	3.640563e-04	1.865281e-03	
293	8.000013e-02	2.824488e-04	-9.92201e-04	-7.81231e-05	
294	8.000015e-02	-1.64536e-03	7.607383e-04	2.473965e-04	
295	8.000017e-02	3.620314e-04	-1.24869e-03	1.887326e-04	
296	8.000020e-02	-1.40888e-03	6.702611e-04	1.751184e-04	
297	8.000026e-02	4.244142e-04	-1.34944e-03	3.361081e-04	
298	8.000032e-02	-1.27302e-03	1.317174e-03	-2.63769e-04	
299	8.000038e-02	5.702752e-04	-1.60955e-03	2.636585e-04	
300	8.000047e-02	-1.16546e-03	1.456146e-03	-2.63583e-04	
301	8.000060e-02	6.859427e-04	-1.62484e-03	2.635287e-04	
302	8.000080e-02	-1.02130e-03	1.505135e-03	-2.63495e-04	
303	8.000118e-02	8.327504e-04	-1.57944e-03	2.634776e-04	
304	8.000196e-02	-8.93510e-04	1.555057e-03	-2.63469e-04	
305	8.000350e-02	8.883609e-04	-1.55733e-03	2.634645e-04	
306	8.000607e-02	-8.87489e-04	1.557776e-03	-2.63462e-04	
307	8.001120e-02	8.872611e-04	-1.55791e-03	2.634605e-04	
308	8.002147e-02	-8.87178e-04	1.557969e-03	-2.63460e-04	
309	8.004201e-02	8.871417e-04	-1.55799e-03	2.634595e-04	
310	8.008308e-02	-8.87125e-04	1.558006e-03	-2.63459e-04	
311	8.016523e-02	8.871171e-04	-1.55801e-03	2.634593e-04	
312	8.032952e-02	-8.87113e-04	1.558015e-03	-2.63459e-04	
313	8.065810e-02	8.871113e-04	-1.55802e-03	2.634592e-04	
314	8.131526e-02	-8.87110e-04	1.558018e-03	-2.63459e-04	
315	8.231526e-02	8.871097e-04	-1.55802e-03	2.634592e-04	
316	8.331526e-02	-8.87109e-04	1.558019e-03	-2.63459e-04	
317	8.431526e-02	8.871084e-04	-1.55802e-03	2.634592e-04	
318	8.531526e-02	-8.87108e-04	1.558019e-03	-2.63459e-04	
319	8.631526e-02	8.871072e-04	-1.55802e-03	2.634592e-04	
320	8.731526e-02	-8.87107e-04	1.558020e-03	-2.63459e-04	
321	8.831526e-02	8.871059e-04	-1.55802e-03	2.634592e-04	
322	8.931526e-02	-8.87105e-04	1.558021e-03	-2.63459e-04	
323	9.031526e-02	8.871047e-04	-1.55802e-03	2.634592e-04	
324	9.131526e-02	-8.87104e-04	1.558022e-03	-2.63459e-04	
325	9.231526e-02	8.871034e-04	-1.55802e-03	2.634591e-04	
326	9.331526e-02	-8.87103e-04	1.558023e-03	-2.63459e-04	
327	9.431526e-02	8.871022e-04	-1.55802e-03	2.634591e-04	
328	9.531526e-02	-8.87102e-04	1.558024e-03	-2.63459e-04	
329	9.631526e-02	8.871010e-04	-1.55802e-03	2.634591e-04	
330	9.731526e-02	-8.87100e-04	1.558025e-03	-2.63459e-04	
331	9.831526e-02	8.870997e-04	-1.55803e-03	2.634591e-04	
332	9.931526e-02	-8.87099e-04	1.558026e-03	-2.63459e-04	
333	1.000000e-01	8.870982e-04	-1.55803e-03	2.634591e-04	
334	1.000000e-01	-3.99269e-02	3.942142e-02	-2.34823e-02	
335	1.000000e-01	-3.14049e-03	2.079592e-01	-3.92221e-02	
336	1.000000e-01	-3.83469e-02	1.622627e-01	-4.04795e-02	
337	1.000000e-01	-8.93408e-03	1.516421e-01	-3.83324e-02	
338	1.000000e-01	-8.14337e-03	1.489705e-01	-3.73458e-02	
339	1.000000e-01	7.190983e-03	1.490043e-01	-3.75169e-02	
340	1.000000e-01	-6.98472e-03	1.454377e-01	-3.75610e-02	
341	1.000000e-01	7.201477e-03	1.328321e-01	-3.77182e-02	
342	1.000000e-01	3.570631e-03	7.659937e-02	-2.46710e-02	
343	1.000000e-01	5.594737e-03	4.639154e-02	-1.86195e-02	
344	1.000000e-01	5.488079e-03	2.287277e-02	-1.00958e-02	

Index   time            v1#branch       v2#branch       v3#branch       
--------------------------------------------------------------------------------
345	1.000000e-01	4.852514e-03	6.476668e-03	-2.96304e-03	
346	1.000000e-01	3.064739e-03	2.249614e-03	-1.02632e-03	
347	1.000000e-01	1.502306e-03	8.542763e-04	-5.98579e-04	
348	1.000000e-01	1.116079e-03	2.656062e-04	-3.92819e-04	
349	1.000000e-01	5.385520e-04	3.766953e-04	-6.26483e-04	
350	1.000000e-01	6.841908e-04	-1.84251e-04	-3.81740e-04	
351	1.000000e-01	3.629721e-04	2.654368e-04	-6.23524e-04	
352	1.000000e-01	5.883012e-04	-1.88081e-04	-3.71728e-04	
353	1.000001e-01	2.369517e-04	2.934481e-04	-6.10691e-04	
354	1.000001e-01	4.520668e-04	-7.47680e-05	-3.47090e-04	
355	1.000002e-01	2.414264e-04	4.478948e-04	-5.77343e-04	
356	1.000002e-01	7.094293e-04	-3.97410e-04	-3.25046e-04	
357	1.000003e-01	-1.26962e-04	4.002134e-04	-5.57878e-04	
358	1.000003e-01	9.652060e-04	-3.98788e-04	-3.04041e-04	
359	1.000004e-01	-3.36327e-04	4.026548e-04	-5.29497e-04	
360	1.000004e-01	1.061549e-03	-3.99636e-04	-2.66418e-04	
361	1.000006e-01	-4.69560e-04	4.189330e-04	-4.80750e-04	
362	1.000007e-01	1.044499e-03	-3.82229e-04	-1.98341e-04	
363	1.000010e-01	-6.36590e-04	4.952174e-04	-3.93094e-04	
364	1.000014e-01	9.170889e-04	-3.89851e-04	-2.61889e-05	
365	1.000019e-01	-8.49231e-04	5.360432e-04	-1.93655e-04	
366	1.000023e-01	8.694095e-04	-5.04300e-04	1.400803e-04	
367	1.000028e-01	-8.59775e-04	5.096312e-04	-1.55838e-04	
368	1.000034e-01	8.653304e-04	-5.07394e-04	1.475890e-04	
369	1.000046e-01	-8.62408e-04	5.080356e-04	-1.51394e-04	
370	1.000070e-01	8.636430e-04	-5.07840e-04	1.498606e-04	
371	1.000118e-01	-8.63299e-04	5.078709e-04	-1.50264e-04	
372	1.000214e-01	8.633279e-04	-5.07860e-04	1.502228e-04	
373	1.000406e-01	-8.63328e-04	5.078582e-04	-1.50221e-04	
374	1.000790e-01	8.633278e-04	-5.07858e-04	1.502203e-04	
375	1.001557e-01	-8.63328e-04	5.078571e-04	-1.50220e-04	
376	1.003091e-01	8.633278e-04	-5.07857e-04	1.502195e-04	
377	1.006160e-01	-8.63328e-04	5.078569e-04	-1.50219e-04	
378	1.012298e-01	8.633278e-04	-5.07857e-04	1.502193e-04	
379	1.022298e-01	-8.63328e-04	5.078568e-04	-1.50219e-04	
380	1.032298e-01	8.633278e-04	-5.07857e-04	1.502192e-04	
381	1.042298e-01	-8.63328e-04	5.078567e-04	-1.50219e-04	
382	1.052298e-01	8.633278e-04	-5.07857e-04	1.502192e-04	
383	1.062298e-01	-8.63328e-04	5.078567e-04	-1.50219e-04	
384	1.072298e-01	8.633278e-04	-5.07857e-04	1.502191e-04	
385	1.082298e-01	-8.63328e-04	5.078566e-04	-1.50219e-04	
386	1.092298e-01	8.633278e-04	-5.07857e-04	1.502190e-04	
387	1.102298e-01	-8.63328e-04	5.078565e-04	-1.50219e-04	
388	1.112298e-01	8.633278e-04	-5.07857e-04	1.502190e-04	
389	1.122298e-01	-8.63328e-04	5.078565e-04	-1.50219e-04	
390	1.132298e-01	8.633278e-04	-5.07856e-04	1.502189e-04	
391	1.142298e-01	-8.63328e-04	5.078564e-04	-1.50219e-04	
392	1.152298e-01	8.633278e-04	-5.07856e-04	1.502189e-04	
393	1.162298e-01	-8.63328e-04	5.078563e-04	-1.50219e-04	
394	1.172298e-01	8.633278e-04	-5.07856e-04	1.502188e-04	
395	1.182298e-01	-8.63328e-04	5.078563e-04	-1.50219e-04	
396	1.192298e-01	8.633278e-04	-5.07856e-04	1.502187e-04	
397	1.200000e-01	-8.63328e-04	5.078562e-04	-1.50219e-04	
398	1.200000e-01	2.789562e-02	-4.25751e-02	-1.02076e-02	
399	1.200000e-01	2.131297e-02	-1.78387e-01	1.164584e-01	
400	1.200000e-01	1.394880e-02	-1.10773e-01	5.609699e-02	
401	1.200000e-01	1.197692e-02	-1.59472e-01	1.125525e-01	
402	1.200000e-01	1.551849e-02	-1.12204e-01	5.449337e-02	

Index   time            v1#branch       v2#branch       v3#branch       
--------------------------------------------------------------------------------
403	1.200000e-01	1.074295e-02	-1.48924e-01	1.024154e-01	
404	1.200000e-01	3.871325e-02	-6.38075e-02	1.088947e-02	
405	1.200000e-01	4.141747e-02	-3.92997e-02	-6.68835e-03	
406	1.200000e-01	4.572293e-02	-3.01742e-02	-1.03643e-02	
407	1.200000e-01	4.744238e-02	-3.41334e-02	-4.82320e-03	
408	1.200000e-01	4.042976e-02	-1.44029e-02	-1.66728e-02	
409	1.200000e-01	3.834582e-02	1.125917e-02	-3.99960e-02	
410	1.200000e-01	2.300732e-02	-5.94230e-03	-5.12666e-03	
411	1.200000e-01	4.227498e-02	1.573006e-02	-4.63797e-02	
412	1.200000e-01	2.747862e-02	-7.21826e-04	-1.26036e-02	
413	1.200000e-01	4.775551e-02	2.084765e-02	-5.40098e-02	
414	1.200000e-01	3.304869e-02	2.938619e-03	-1.83642e-02	
415	1.200000e-01	5.354188e-02	2.172744e-02	-5.62388e-02	
416	1.200000e-01	5.036212e-02	-9.95935e-03	-1.87944e-02	
417	1.200000e-01	1.831791e-01	-1.93993e-02	-5.62841e-02	
418	1.200000e-01	6.140195e-02	-1.26026e-02	-1.90274e-02	
419	1.200000e-01	5.988301e-02	-4.04118e-03	-2.65063e-02	
420	1.200000e-01	5.706528e-02	-1.49166e-03	-2.78732e-02	
421	1.200000e-01	5.400508e-02	-3.72669e-03	-2.41875e-02	
422	1.200000e-01	5.098831e-02	-1.29589e-03	-2.52368e-02	
423	1.200000e-01	4.547053e-02	-3.55818e-03	-2.03083e-02	
424	1.200000e-01	3.885740e-02	-1.18487e-03	-1.94915e-02	
425	1.200000e-01	2.976551e-02	-3.47522e-03	-1.27145e-02	
426	1.200000e-01	1.914915e-02	-1.09090e-03	-9.85016e-03	
427	1.200000e-01	8.702434e-03	-3.29832e-03	-2.40459e-03	
428	1.200000e-01	2.127252e-03	-6.99142e-04	-1.82808e-03	
429	1.200000e-01	2.721365e-04	-2.56418e-03	7.129049e-04	
430	1.200000e-01	1.230564e-04	-1.43283e-04	-1.69343e-03	
431	1.200000e-01	-4.63731e-05	-2.42717e-03	6.749842e-04	
432	1.200000e-01	-5.17234e-05	-7.71844e-05	-1.68598e-03	
433	1.200000e-01	-1.47137e-04	-2.37186e-03	6.750822e-04	
434	1.200000e-01	-1.16023e-04	-2.06132e-05	-1.68262e-03	
435	1.200000e-01	-1.74058e-04	-2.31307e-03	6.791537e-04	
436	1.200000e-01	-5.43318e-05	4.191961e-05	-1.67603e-03	
437	1.200000e-01	-8.36862e-05	-1.83073e-03	7.305103e-04	
438	1.200000e-01	-7.24148e-04	1.401857e-04	-1.61878e-03	
439	1.200000e-01	-1.34328e-04	-1.80511e-03	8.104332e-04	
440	1.200000e-01	-6.88455e-04	1.656088e-04	-1.62664e-03	
441	1.200001e-01	-1.60449e-04	-1.76739e-03	8.750248e-04	
442	1.200001e-01	-6.57886e-04	2.384320e-04	-1.58327e-03	
443	1.200001e-01	8.711173e-04	-2.20539e-03	9.557704e-04	
444	1.200001e-01	-3.10105e-04	8.916156e-04	-1.52110e-03	
445	1.200001e-01	8.008135e-04	-1.84412e-03	1.027272e-03	
446	1.200002e-01	-3.79937e-04	1.164524e-03	-1.45017e-03	
447	1.200003e-01	6.994919e-04	-1.53199e-03	1.129359e-03	
448	1.200004e-01	-4.91644e-04	1.393403e-03	-1.33776e-03	
449	1.200006e-01	5.967985e-04	-1.42054e-03	1.232371e-03	
450	1.200008e-01	-5.60921e-04	1.421191e-03	-1.26827e-03	
451	1.200013e-01	5.679154e-04	-1.42127e-03	1.261255e-03	
452	1.200020e-01	-5.68162e-04	1.421301e-03	-1.26100e-03	
453	1.200033e-01	5.682051e-04	-1.42131e-03	1.260953e-03	
454	1.200061e-01	-5.68218e-04	1.421313e-03	-1.26094e-03	
455	1.200116e-01	5.682232e-04	-1.42131e-03	1.260932e-03	
456	1.200225e-01	-5.68225e-04	1.421315e-03	-1.26093e-03	
457	1.200444e-01	5.682265e-04	-1.42132e-03	1.260928e-03	
458	1.200882e-01	-5.68227e-04	1.421315e-03	-1.26093e-03	
459	1.201758e-01	5.682272e-04	-1.42132e-03	1.260927e-03	
460	1.203510e-01	-5.68227e-04	1.421315e-03	-1.26093e-03	

Index   time            v1#branch       v2#branch       v3#branch       
--------------------------------------------------------------------------------
461	1.207014e-01	5.682274e-04	-1.42132e-03	1.260927e-03	
462	1.214023e-01	-5.68227e-04	1.421315e-03	-1.26093e-03	
463	1.224023e-01	5.682274e-04	-1.42132e-03	1.260927e-03	
464	1.234023e-01	-5.68227e-04	1.421315e-03	-1.26093e-03	
465	1.244023e-01	5.682275e-04	-1.42132e-03	1.260927e-03	
466	1.254023e-01	-5.68228e-04	1.421315e-03	-1.26093e-03	
467	1.264023e-01	5.682275e-04	-1.42132e-03	1.260927e-03	
468	1.274023e-01	-5.68228e-04	1.421315e-03	-1.26093e-03	
469	1.284023e-01	5.682276e-04	-1.42132e-03	1.260927e-03	
470	1.294023e-01	-5.68228e-04	1.421315e-03	-1.26093e-03	
471	1.304023e-01	5.682276e-04	-1.42132e-03	1.260927e-03	
472	1.314023e-01	-5.68228e-04	1.421315e-03	-1.26093e-03	
473	1.324023e-01	5.682277e-04	-1.42132e-03	1.260926e-03	
474	1.334023e-01	-5.68228e-04	1.421316e-03	-1.26093e-03	
475	1.344023e-01	5.682277e-04	-1.42132e-03	1.260926e-03	
476	1.354023e-01	-5.68228e-04	1.421316e-03	-1.26093e-03	
477	1.364023e-01	5.682277e-04	-1.42132e-03	1.260926e-03	
478	1.374023e-01	-5.68228e-04	1.421316e-03	-1.26093e-03	
479	1.384023e-01	5.682278e-04	-1.42132e-03	1.260926e-03	
480	1.394023e-01	-5.68228e-04	1.421316e-03	-1.26093e-03	
481	1.400000e-01	5.682278e-04	-1.42132e-03	1.260926e-03	
482	1.400000e-01	-2.20624e-02	5.317671e-02	-3.10634e-02	
483	1.400000e-01	-3.11393e-02	1.864235e-01	-2.96507e-02	
484	1.400000e-01	-3.68494e-02	1.197153e-01	-3.23884e-02	
485	1.400000e-01	-3.30568e-02	1.770822e-01	-2.79922e-02	
486	1.400000e-01	-2.86568e-02	1.203715e-01	-2.56230e-02	
487	1.400000e-01	2.417823e-02	1.628318e-01	-5.22799e-02	
488	1.400000e-01	5.886732e-03	6.790370e-02	-2.26587e-02	
489	1.400000e-01	6.254728e-03	3.190499e-02	-1.41493e-02	
490	1.400000e-01	5.563484e-03	1.002465e-02	-4.93059e-03	
491	1.400000e-01	3.600788e-03	1.777026e-03	-1.46768e-03	
492	1.400000e-01	9.216101e-04	4.926517e-04	-8.96377e-04	
493	1.400000e-01	2.592996e-03	6.632689e-04	-1.16253e-03	
494	1.400000e-01	6.659220e-05	-1.44959e-04	-8.58443e-04	
495	1.400000e-01	2.118122e-03	5.355340e-04	-1.04870e-03	
496	1.400000e-01	-4.44417e-04	9.613701e-04	-7.35040e-04	
497	1.400000e-01	1.440070e-03	1.704212e-04	-9.72013e-04	
498	1.400000e-01	-5.01811e-04	6.560516e-04	-5.53538e-04	
499	1.400000e-01	1.325566e-03	2.264853e-04	-9.48912e-04	
500	1.400001e-01	-5.77204e-04	4.876255e-04	-3.92508e-04	
501	1.400001e-01	1.216542e-03	1.731197e-04	-8.15758e-04	
502	1.400001e-01	-6.80517e-04	3.490964e-04	-1.87352e-04	
503	1.400002e-01	1.080977e-03	5.850326e-05	-5.80253e-04	
504	1.400004e-01	-8.23314e-04	1.944701e-04	9.411166e-05	
505	1.400006e-01	9.387048e-04	-7.71298e-05	-3.10583e-04	
506	1.400009e-01	-9.05490e-04	1.085442e-04	2.551756e-04	
507	1.400014e-01	9.153424e-04	-9.74671e-05	-2.69381e-04	
508	1.400021e-01	-9.10658e-04	1.014288e-04	2.646706e-04	
509	1.400036e-01	9.131331e-04	-9.86132e-05	-2.67469e-04	
510	1.400065e-01	-9.11891e-04	9.971729e-05	2.663060e-04	
511	1.400123e-01	9.124055e-04	-9.91548e-05	-2.66789e-04	
512	1.400240e-01	-9.12165e-04	9.938471e-05	2.667071e-04	
513	1.400474e-01	9.122131e-04	-9.93352e-05	-2.66719e-04	
514	1.400941e-01	-9.12215e-04	9.933268e-05	2.667242e-04	
515	1.401876e-01	9.122166e-04	-9.93314e-05	-2.66727e-04	
516	1.403746e-01	-9.12217e-04	9.933075e-05	2.667279e-04	
517	1.407485e-01	9.122175e-04	-9.93304e-05	-2.66729e-04	
518	1.414964e-01	-9.12218e-04	9.933027e-05	2.667289e-04	

Index   time            v1#branch       v2#branch       v3#branch       
--------------------------------------------------------------------------------
519	1.424964e-01	9.122178e-04	-9.93302e-05	-2.66729e-04	
520	1.434964e-01	-9.12218e-04	9.933004e-05	2.667293e-04	
521	1.444964e-01	9.122180e-04	-9.93299e-05	-2.66730e-04	
522	1.454964e-01	-9.12218e-04	9.932980e-05	2.667298e-04	
523	1.464964e-01	9.122182e-04	-9.93297e-05	-2.66730e-04	
524	1.474964e-01	-9.12218e-04	9.932957e-05	2.667302e-04	
525	1.484964e-01	9.122185e-04	-9.93295e-05	-2.66730e-04	
526	1.494964e-01	-9.12219e-04	9.932933e-05	2.667307e-04	
527	1.504964e-01	9.122187e-04	-9.93292e-05	-2.66731e-04	
528	1.514964e-01	-9.12219e-04	9.932910e-05	2.667312e-04	
529	1.524964e-01	9.122189e-04	-9.93290e-05	-2.66731e-04	
530	1.534964e-01	-9.12219e-04	9.932887e-05	2.667316e-04	
531	1.544964e-01	9.122191e-04	-9.93288e-05	-2.66732e-04	
532	1.554964e-01	-9.12219e-04	9.932863e-05	2.667321e-04	
533	1.564964e-01	9.122194e-04	-9.93285e-05	-2.66732e-04	
534	1.574964e-01	-9.12219e-04	9.932840e-05	2.667325e-04	
535	1.584964e-01	9.122196e-04	-9.93283e-05	-2.66733e-04	
536	1.594964e-01	-9.12220e-04	9.932817e-05	2.667330e-04	
537	1.600000e-01	9.122199e-04	-9.93279e-05	-2.66733e-04	
